Vertex Count: 36

Data:

250 0 -500 0 1 0 0 -0.997509
250 50 -500 0 0 0 0 -0.997509
300 50 -500 1 0 0 0 -0.997509
250 0 -500 0 1 0 0 -0.997509
300 50 -500 1 0 0 0 -0.997509
300 0 -500 1 1 0 0 -0.997509
250 50 -500 0 1 0 0.0498755 -0
250 50 500 0 0 0 0.0498755 -0
300 50 500 1 0 0 0.0498755 -0
250 50 -500 0 1 0 0.0498755 -0
300 50 500 1 0 0 0.0498755 -0
300 50 -500 1 1 0 0.0498755 -0
250 50 500 0 1 0 0 0.997509
250 0 500 0 0 0 0 0.997509
300 0 500 1 0 0 0 0.997509
250 50 500 0 1 0 0 0.997509
300 0 500 1 0 0 0 0.997509
300 50 500 1 1 0 0 0.997509
250 0 500 0 1 0 -0.0498755 -0
250 0 -500 0 0 0 -0.0498755 -0
300 0 -500 1 0 0 -0.0498755 -0
250 0 500 0 1 0 -0.0498755 -0
300 0 -500 1 0 0 -0.0498755 -0
300 0 500 1 1 0 -0.0498755 -0
300 0 -500 0 1 0.0498755 0 -0
300 50 -500 0 0 0.0498755 0 -0
300 50 500 1 0 0.0498755 0 -0
300 0 -500 0 1 0.0498755 0 -0
300 50 500 1 0 0.0498755 0 -0
300 0 500 1 1 0.0498755 0 -0
250 0 500 0 1 -0.0498755 0 -0
250 50 500 0 0 -0.0498755 0 -0
250 50 -500 1 0 -0.0498755 0 -0
250 0 500 0 1 -0.0498755 0 -0
250 50 -500 1 0 -0.0498755 0 -0
250 0 -500 1 1 -0.0498755 0 -0
