Vertex Count: 36

Data:

-100 0 500 0 1 0 0 -0.218218
-100 100 500 0 0 0 0 -0.218218
100 100 500 1 0 0 0 -0.218218
-100 0 500 0 1 0 0 -0.218218
100 100 500 1 0 0 0 -0.218218
100 0 500 1 1 0 0 -0.218218
-100 100 500 0 1 0 0.436436 -0
-100 100 550 0 0 0 0.436436 -0
100 100 550 1 0 0 0.436436 -0
-100 100 500 0 1 0 0.436436 -0
100 100 550 1 0 0 0.436436 -0
100 100 500 1 1 0 0.436436 -0
-100 100 550 0 1 0 0 0.218218
-100 0 550 0 0 0 0 0.218218
100 0 550 1 0 0 0 0.218218
-100 100 550 0 1 0 0 0.218218
100 0 550 1 0 0 0 0.218218
100 100 550 1 1 0 0 0.218218
-100 0 550 0 1 0 -0.436436 -0
-100 0 500 0 0 0 -0.436436 -0
100 0 500 1 0 0 -0.436436 -0
-100 0 550 0 1 0 -0.436436 -0
100 0 500 1 0 0 -0.436436 -0
100 0 550 1 1 0 -0.436436 -0
100 0 500 0 1 0.872872 0 -0
100 100 500 0 0 0.872872 0 -0
100 100 550 1 0 0.872872 0 -0
100 0 500 0 1 0.872872 0 -0
100 100 550 1 0 0.872872 0 -0
100 0 550 1 1 0.872872 0 -0
-100 0 550 0 1 -0.872872 0 -0
-100 100 550 0 0 -0.872872 0 -0
-100 100 500 1 0 -0.872872 0 -0
-100 0 550 0 1 -0.872872 0 -0
-100 100 500 1 0 -0.872872 0 -0
-100 0 500 1 1 -0.872872 0 -0
