Vertex Count: 480

Data:

141.814 457.694 -77.1395 0.7872 0.7154 0.5843 -0.7355 -0.343
115.845 454.948 -98.508 0.7375 0.7251 0.3587 -0.634 -0.6851
129.166 474.964 -103.681 0.7643 0.6866 0.51 -0.1418 -0.8484
129.166 474.964 -103.681 0.7643 0.6866 0.51 -0.1418 -0.8484
164.233 479.155 -69.9415 0.831 0.6717 0.8224 -0.4143 -0.3899
141.814 457.694 -77.1395 0.7872 0.7154 0.5843 -0.7355 -0.343
163.469 486.474 -68.6857 0.8293 0.657 0.7464 -0.0845 -0.6601
164.233 479.155 -69.9415 0.831 0.6717 0.8224 -0.4143 -0.3899
129.166 474.964 -103.681 0.7643 0.6866 0.51 -0.1418 -0.8484
129.166 474.964 -103.681 0.7643 0.6866 0.51 -0.1418 -0.8484
128.563 483.679 -96.4911 0.7625 0.6681 0.3772 0.0005 -0.9261
163.469 486.474 -68.6857 0.8293 0.657 0.7464 -0.0845 -0.6601
100.331 439.629 -66.0789 0.7423 0.7969 0.3183 -0.9466 0.0523
100.755 449.385 36.1471 0.7781 0.826 0.3243 -0.9421 0.0847
67.4589 442.572 36.9935 0.687 0.8446 0.1817 -0.9786 0.097
67.4589 442.572 36.9935 0.687 0.8446 0.1817 -0.9786 0.097
67.4589 432.274 -67.1577 0.6654 0.8145 0.1864 -0.9811 0.0524
100.331 439.629 -66.0789 0.7423 0.7969 0.3183 -0.9466 0.0523
163.851 491.009 30.8521 0.9513 0.7134 0.9576 -0.2872 0.0225
141.814 466.931 33.9674 0.8907 0.7784 0.5467 -0.8345 0.0691
141.814 460.004 -59.6954 0.839 0.7475 0.5311 -0.8447 0.0664
141.814 460.004 -59.6954 0.839 0.7475 0.5311 -0.8447 0.0664
164.233 484.068 -54.1265 0.8901 0.6813 0.9537 -0.2997 0.0228
163.851 491.009 30.8521 0.9513 0.7134 0.9576 -0.2872 0.0225
67.4589 432.274 -67.1577 0.6654 0.8145 0.1864 -0.9811 0.0524
67.4589 442.572 36.9935 0.687 0.8446 0.1817 -0.9786 0.097
36.5812 438.046 37.5556 0.6025 0.8571 0.1256 -0.9871 0.0998
36.5812 438.046 37.5556 0.6025 0.8571 0.1256 -0.9871 0.0998
34.1139 426.534 -69.2434 0.5874 0.8287 0.1269 -0.9903 0.0569
67.4589 432.274 -67.1577 0.6654 0.8145 0.1864 -0.9811 0.0524
88.8845 483.091 -104.63 0.6848 0.671 0.1991 0.0631 -0.9779
89.3048 473.604 -114.625 0.6864 0.6916 0.2196 -0.0201 -0.9754
42.7356 473.434 -122.026 0.595 0.6937 0.2252 -0.1496 -0.9628
42.7356 473.434 -122.026 0.595 0.6937 0.2252 -0.1496 -0.9628
42.5294 486.543 -116.469 0.5941 0.6765 0.248 0.1058 -0.963
88.8845 483.091 -104.63 0.6848 0.671 0.1991 0.0631 -0.9779
133.667 739.779 14.9064 0.8706 0.0932 0.9185 0.3949 -0.0193
175.046 643.673 20.2553 0.9831 0.3002 0.9625 0.2709 -0.0131
175.046 639.815 -61.0802 0.9171 0.3279 0.9614 0.2745 -0.0215
175.046 639.815 -61.0802 0.9171 0.3279 0.9614 0.2745 -0.0215
133.667 735.895 -62.2553 0.8203 0.1497 0.9182 0.395 -0.029
133.667 739.779 14.9064 0.8706 0.0932 0.9185 0.3949 -0.0193
133.667 732.268 -79.1772 0.7714 0.214 0.7195 0.3553 -0.5967
175.046 636.211 -81.5488 0.8533 0.3648 0.7673 0.1649 -0.6198
132.213 630.555 -122.838 0.7718 0.3841 0.4709 0.0589 -0.8802
132.213 630.555 -122.838 0.7718 0.3841 0.4709 0.0589 -0.8802
100.838 728.334 -101.493 0.7083 0.2262 0.4583 0.2944 -0.8386
133.667 732.268 -79.1772 0.7714 0.214 0.7195 0.3553 -0.5967
63.5203 727.394 -118.409 0.6359 0.2316 0.1911 0.2459 -0.9503
83.5235 628.498 -137.39 0.6767 0.3913 0.2129 -0.0279 -0.9767
39.8991 627.951 -141.796 0.5909 0.3935 0.081 -0.033 -0.9962
39.8991 627.951 -141.796 0.5909 0.3935 0.081 -0.033 -0.9962
30.085 727.394 -118.409 0.5698 0.2318 0.0374 0.2276 -0.973
63.5203 727.394 -118.409 0.6359 0.2316 0.1911 0.2459 -0.9503
175.046 643.673 20.2553 0.9831 0.3002 0.9625 0.2709 -0.0131
176.935 587.05 23.6341 0.9879 0.4535 0.9973 -0.0734 0.0059
176.935 584.537 -55.8924 0.921 0.4557 0.9976 -0.0693 0.0022
176.935 584.537 -55.8924 0.921 0.4557 0.9976 -0.0693 0.0022
175.046 639.815 -61.0802 0.9171 0.3279 0.9614 0.2745 -0.0215
175.046 643.673 20.2553 0.9831 0.3002 0.9625 0.2709 -0.0131
175.046 636.211 -81.5488 0.8533 0.3648 0.7673 0.1649 -0.6198
176.935 582.075 -74.8238 0.8565 0.4701 0.7671 -0.1287 -0.6285
133.645 579.203 -99.9411 0.7729 0.4808 0.4116 -0.1718 -0.895
133.645 579.203 -99.9411 0.7729 0.4808 0.4116 -0.1718 -0.895
132.213 630.555 -122.838 0.7718 0.3841 0.4709 0.0589 -0.8802
175.046 636.211 -81.5488 0.8533 0.3648 0.7673 0.1649 -0.6198
83.5235 628.498 -137.39 0.6767 0.3913 0.2129 -0.0279 -0.9767
84.4365 578.136 -106.53 0.6762 0.4845 0.197 -0.1932 -0.9612
40.347 576.903 -116.459 0.5899 0.4891 0.1926 -0.1702 -0.9664
40.347 576.903 -116.459 0.5899 0.4891 0.1926 -0.1702 -0.9664
39.8991 627.951 -141.796 0.5909 0.3935 0.081 -0.033 -0.9962
83.5235 628.498 -137.39 0.6767 0.3913 0.2129 -0.0279 -0.9767
99.97 443.866 -82.9963 0.705 0.744 0.2699 -0.9098 -0.3154
115.845 454.948 -98.508 0.7375 0.7251 0.3587 -0.634 -0.6851
141.814 457.694 -77.1395 0.7872 0.7154 0.5843 -0.7355 -0.343
89.3048 473.604 -114.625 0.6864 0.6916 0.2196 -0.0201 -0.9754
82.2578 454.11 -105.996 0.6718 0.7284 0.191 -0.6326 -0.7506
40.1009 453.123 -113.947 0.5891 0.7321 0.1364 -0.6036 -0.7855
40.1009 453.123 -113.947 0.5891 0.7321 0.1364 -0.6036 -0.7855
42.7356 473.434 -122.026 0.595 0.6937 0.2252 -0.1496 -0.9628
89.3048 473.604 -114.625 0.6864 0.6916 0.2196 -0.0201 -0.9754
82.2578 454.11 -105.996 0.6718 0.7284 0.191 -0.6326 -0.7506
67.4589 436.052 -85.7111 0.641 0.7601 0.1957 -0.8683 -0.4559
32.0174 429.279 -90.0468 0.5713 0.7745 0.1237 -0.8527 -0.5075
32.0174 429.279 -90.0468 0.5713 0.7745 0.1237 -0.8527 -0.5075
40.1009 453.123 -113.947 0.5891 0.7321 0.1364 -0.6036 -0.7855
82.2578 454.11 -105.996 0.6718 0.7284 0.191 -0.6326 -0.7506
176.935 587.05 23.6341 0.9879 0.4535 0.9973 -0.0734 0.0059
163.851 491.009 30.8521 0.9513 0.7134 0.9576 -0.2872 0.0225
164.233 484.068 -54.1265 0.8901 0.6813 0.9537 -0.2997 0.0228
164.233 484.068 -54.1265 0.8901 0.6813 0.9537 -0.2997 0.0228
176.935 584.537 -55.8924 0.921 0.4557 0.9976 -0.0693 0.0022
176.935 587.05 23.6341 0.9879 0.4535 0.9973 -0.0734 0.0059
176.935 582.075 -74.8238 0.8565 0.4701 0.7671 -0.1287 -0.6285
163.469 486.474 -68.6857 0.8293 0.657 0.7464 -0.0845 -0.6601
128.563 483.679 -96.4911 0.7625 0.6681 0.3772 0.0005 -0.9261
128.563 483.679 -96.4911 0.7625 0.6681 0.3772 0.0005 -0.9261
133.645 579.203 -99.9411 0.7729 0.4808 0.4116 -0.1718 -0.895
176.935 582.075 -74.8238 0.8565 0.4701 0.7671 -0.1287 -0.6285
84.4365 578.136 -106.53 0.6762 0.4845 0.197 -0.1932 -0.9612
88.8845 483.091 -104.63 0.6848 0.671 0.1991 0.0631 -0.9779
42.5294 486.543 -116.469 0.5941 0.6765 0.248 0.1058 -0.963
42.5294 486.543 -116.469 0.5941 0.6765 0.248 0.1058 -0.963
40.347 576.903 -116.459 0.5899 0.4891 0.1926 -0.1702 -0.9664
84.4365 578.136 -106.53 0.6762 0.4845 0.197 -0.1932 -0.9612
34.1139 426.534 -69.2434 0.5874 0.8287 0.1269 -0.9903 0.0569
36.5812 438.046 37.5556 0.6025 0.8571 0.1256 -0.9871 0.0998
-2.1203 433.687 38.0971 0.4966 0.8692 0 -0.995 0.1003
-2.1203 433.687 38.0971 0.4966 0.8692 0 -0.995 0.1003
-2.1203 423.305 -69.9193 0.5026 0.8367 0 -0.9982 0.0598
34.1139 426.534 -69.2434 0.5874 0.8287 0.1269 -0.9903 0.0569
30.085 727.394 -118.409 0.5698 0.2318 0.0374 0.2276 -0.973
39.8991 627.951 -141.796 0.5909 0.3935 0.081 -0.033 -0.9962
-2.1203 627.734 -143.539 0.5081 0.3945 -0 -0.004 -1
-2.1203 627.734 -143.539 0.5081 0.3945 -0 -0.004 -1
-2.1203 727.394 -118.409 0.5062 0.232 -0 0.2378 -0.9713
30.085 727.394 -118.409 0.5698 0.2318 0.0374 0.2276 -0.973
39.8991 627.951 -141.796 0.5909 0.3935 0.081 -0.033 -0.9962
40.347 576.903 -116.459 0.5899 0.4891 0.1926 -0.1702 -0.9664
-2.1203 575.834 -125.06 0.5066 0.4931 -0 -0.1545 -0.988
-2.1203 575.834 -125.06 0.5066 0.4931 -0 -0.1545 -0.988
-2.1203 627.734 -143.539 0.5081 0.3945 -0 -0.004 -1
39.8991 627.951 -141.796 0.5909 0.3935 0.081 -0.033 -0.9962
40.347 576.903 -116.459 0.5899 0.4891 0.1926 -0.1702 -0.9664
42.5294 486.543 -116.469 0.5941 0.6765 0.248 0.1058 -0.963
-2.1203 500.56 -125.86 0.5067 0.6366 -0 0.1077 -0.9942
-2.1203 500.56 -125.86 0.5067 0.6366 -0 0.1077 -0.9942
-2.1203 575.834 -125.06 0.5066 0.4931 -0 -0.1545 -0.988
40.347 576.903 -116.459 0.5899 0.4891 0.1926 -0.1702 -0.9664
42.5294 486.543 -116.469 0.5941 0.6765 0.248 0.1058 -0.963
42.7356 473.434 -122.026 0.595 0.6937 0.2252 -0.1496 -0.9628
-2.1203 492.084 -141.44 0.508 0.6621 0 -0.0378 -0.9993
-2.1203 492.084 -141.44 0.508 0.6621 0 -0.0378 -0.9993
-2.1203 500.56 -125.86 0.5067 0.6366 -0 0.1077 -0.9942
42.5294 486.543 -116.469 0.5941 0.6765 0.248 0.1058 -0.963
42.7356 473.434 -122.026 0.595 0.6937 0.2252 -0.1496 -0.9628
40.1009 453.123 -113.947 0.5891 0.7321 0.1364 -0.6036 -0.7855
-2.1203 452.688 -117.447 0.506 0.7339 -0 -0.5926 -0.8055
-2.1203 452.688 -117.447 0.506 0.7339 -0 -0.5926 -0.8055
-2.1203 492.084 -141.44 0.508 0.6621 0 -0.0378 -0.9993
42.7356 473.434 -122.026 0.595 0.6937 0.2252 -0.1496 -0.9628
40.1009 453.123 -113.947 0.5891 0.7321 0.1364 -0.6036 -0.7855
32.0174 429.279 -90.0468 0.5713 0.7745 0.1237 -0.8527 -0.5075
-2.1203 427.01 -91.757 0.504 0.7795 0 -0.8489 -0.5285
-2.1203 427.01 -91.757 0.504 0.7795 0 -0.8489 -0.5285
-2.1203 452.688 -117.447 0.506 0.7339 -0 -0.5926 -0.8055
40.1009 453.123 -113.947 0.5891 0.7321 0.1364 -0.6036 -0.7855
100.838 728.334 -101.493 0.7083 0.2262 0.4583 0.2944 -0.8386
132.213 630.555 -122.838 0.7718 0.3841 0.4709 0.0589 -0.8802
83.5235 628.498 -137.39 0.6767 0.3913 0.2129 -0.0279 -0.9767
83.5235 628.498 -137.39 0.6767 0.3913 0.2129 -0.0279 -0.9767
63.5203 727.394 -118.409 0.6359 0.2316 0.1911 0.2459 -0.9503
100.838 728.334 -101.493 0.7083 0.2262 0.4583 0.2944 -0.8386
132.213 630.555 -122.838 0.7718 0.3841 0.4709 0.0589 -0.8802
133.645 579.203 -99.9411 0.7729 0.4808 0.4116 -0.1718 -0.895
84.4365 578.136 -106.53 0.6762 0.4845 0.197 -0.1932 -0.9612
84.4365 578.136 -106.53 0.6762 0.4845 0.197 -0.1932 -0.9612
83.5235 628.498 -137.39 0.6767 0.3913 0.2129 -0.0279 -0.9767
132.213 630.555 -122.838 0.7718 0.3841 0.4709 0.0589 -0.8802
133.645 579.203 -99.9411 0.7729 0.4808 0.4116 -0.1718 -0.895
128.563 483.679 -96.4911 0.7625 0.6681 0.3772 0.0005 -0.9261
88.8845 483.091 -104.63 0.6848 0.671 0.1991 0.0631 -0.9779
88.8845 483.091 -104.63 0.6848 0.671 0.1991 0.0631 -0.9779
84.4365 578.136 -106.53 0.6762 0.4845 0.197 -0.1932 -0.9612
133.645 579.203 -99.9411 0.7729 0.4808 0.4116 -0.1718 -0.895
128.563 483.679 -96.4911 0.7625 0.6681 0.3772 0.0005 -0.9261
129.166 474.964 -103.681 0.7643 0.6866 0.51 -0.1418 -0.8484
89.3048 473.604 -114.625 0.6864 0.6916 0.2196 -0.0201 -0.9754
89.3048 473.604 -114.625 0.6864 0.6916 0.2196 -0.0201 -0.9754
88.8845 483.091 -104.63 0.6848 0.671 0.1991 0.0631 -0.9779
128.563 483.679 -96.4911 0.7625 0.6681 0.3772 0.0005 -0.9261
115.845 454.948 -98.508 0.7375 0.7251 0.3587 -0.634 -0.6851
82.2578 454.11 -105.996 0.6718 0.7284 0.191 -0.6326 -0.7506
89.3048 473.604 -114.625 0.6864 0.6916 0.2196 -0.0201 -0.9754
89.3048 473.604 -114.625 0.6864 0.6916 0.2196 -0.0201 -0.9754
129.166 474.964 -103.681 0.7643 0.6866 0.51 -0.1418 -0.8484
115.845 454.948 -98.508 0.7375 0.7251 0.3587 -0.634 -0.6851
100.755 449.385 36.1471 0.7781 0.826 0.3243 -0.9421 0.0847
100.331 439.629 -66.0789 0.7423 0.7969 0.3183 -0.9466 0.0523
141.814 460.004 -59.6954 0.839 0.7475 0.5311 -0.8447 0.0664
141.814 460.004 -59.6954 0.839 0.7475 0.5311 -0.8447 0.0664
141.814 466.931 33.9674 0.8907 0.7784 0.5467 -0.8345 0.0691
100.755 449.385 36.1471 0.7781 0.826 0.3243 -0.9421 0.0847
82.2578 454.11 -105.996 0.6718 0.7284 0.191 -0.6326 -0.7506
115.845 454.948 -98.508 0.7375 0.7251 0.3587 -0.634 -0.6851
99.97 443.866 -82.9963 0.705 0.744 0.2699 -0.9098 -0.3154
99.97 443.866 -82.9963 0.705 0.744 0.2699 -0.9098 -0.3154
67.4589 436.052 -85.7111 0.641 0.7601 0.1957 -0.8683 -0.4559
82.2578 454.11 -105.996 0.6718 0.7284 0.191 -0.6326 -0.7506
99.97 443.866 -82.9963 0.705 0.744 0.2699 -0.9098 -0.3154
100.331 439.629 -66.0789 0.7423 0.7969 0.3183 -0.9466 0.0523
67.4589 432.274 -67.1577 0.6654 0.8145 0.1864 -0.9811 0.0524
67.4589 432.274 -67.1577 0.6654 0.8145 0.1864 -0.9811 0.0524
67.4589 436.052 -85.7111 0.641 0.7601 0.1957 -0.8683 -0.4559
99.97 443.866 -82.9963 0.705 0.744 0.2699 -0.9098 -0.3154
67.4589 436.052 -85.7111 0.641 0.7601 0.1957 -0.8683 -0.4559
67.4589 432.274 -67.1577 0.6654 0.8145 0.1864 -0.9811 0.0524
34.1139 426.534 -69.2434 0.5874 0.8287 0.1269 -0.9903 0.0569
34.1139 426.534 -69.2434 0.5874 0.8287 0.1269 -0.9903 0.0569
32.0174 429.279 -90.0468 0.5713 0.7745 0.1237 -0.8527 -0.5075
67.4589 436.052 -85.7111 0.641 0.7601 0.1957 -0.8683 -0.4559
32.0174 429.279 -90.0468 0.5713 0.7745 0.1237 -0.8527 -0.5075
34.1139 426.534 -69.2434 0.5874 0.8287 0.1269 -0.9903 0.0569
-2.1203 423.305 -69.9193 0.5026 0.8367 0 -0.9982 0.0598
-2.1203 423.305 -69.9193 0.5026 0.8367 0 -0.9982 0.0598
-2.1203 427.01 -91.757 0.504 0.7795 0 -0.8489 -0.5285
32.0174 429.279 -90.0468 0.5713 0.7745 0.1237 -0.8527 -0.5075
133.667 735.895 -62.2553 0.8203 0.1497 0.9182 0.395 -0.029
175.046 639.815 -61.0802 0.9171 0.3279 0.9614 0.2745 -0.0215
175.046 636.211 -81.5488 0.8533 0.3648 0.7673 0.1649 -0.6198
175.046 636.211 -81.5488 0.8533 0.3648 0.7673 0.1649 -0.6198
133.667 732.268 -79.1772 0.7714 0.214 0.7195 0.3553 -0.5967
133.667 735.895 -62.2553 0.8203 0.1497 0.9182 0.395 -0.029
175.046 639.815 -61.0802 0.9171 0.3279 0.9614 0.2745 -0.0215
176.935 584.537 -55.8924 0.921 0.4557 0.9976 -0.0693 0.0022
176.935 582.075 -74.8238 0.8565 0.4701 0.7671 -0.1287 -0.6285
176.935 582.075 -74.8238 0.8565 0.4701 0.7671 -0.1287 -0.6285
175.046 636.211 -81.5488 0.8533 0.3648 0.7673 0.1649 -0.6198
175.046 639.815 -61.0802 0.9171 0.3279 0.9614 0.2745 -0.0215
176.935 584.537 -55.8924 0.921 0.4557 0.9976 -0.0693 0.0022
164.233 484.068 -54.1265 0.8901 0.6813 0.9537 -0.2997 0.0228
163.469 486.474 -68.6857 0.8293 0.657 0.7464 -0.0845 -0.6601
163.469 486.474 -68.6857 0.8293 0.657 0.7464 -0.0845 -0.6601
176.935 582.075 -74.8238 0.8565 0.4701 0.7671 -0.1287 -0.6285
176.935 584.537 -55.8924 0.921 0.4557 0.9976 -0.0693 0.0022
163.469 486.474 -68.6857 0.8293 0.657 0.7464 -0.0845 -0.6601
164.233 484.068 -54.1265 0.8901 0.6813 0.9537 -0.2997 0.0228
164.233 479.155 -69.9415 0.831 0.6717 0.8224 -0.4143 -0.3899
164.233 484.068 -54.1265 0.8901 0.6813 0.9537 -0.2997 0.0228
141.814 460.004 -59.6954 0.839 0.7475 0.5311 -0.8447 0.0664
141.814 457.694 -77.1395 0.7872 0.7154 0.5843 -0.7355 -0.343
141.814 457.694 -77.1395 0.7872 0.7154 0.5843 -0.7355 -0.343
164.233 479.155 -69.9415 0.831 0.6717 0.8224 -0.4143 -0.3899
164.233 484.068 -54.1265 0.8901 0.6813 0.9537 -0.2997 0.0228
141.814 460.004 -59.6954 0.839 0.7475 0.5311 -0.8447 0.0664
100.331 439.629 -66.0789 0.7423 0.7969 0.3183 -0.9466 0.0523
99.97 443.866 -82.9963 0.705 0.744 0.2699 -0.9098 -0.3154
99.97 443.866 -82.9963 0.705 0.744 0.2699 -0.9098 -0.3154
141.814 457.694 -77.1395 0.7872 0.7154 0.5843 -0.7355 -0.343
141.814 460.004 -59.6954 0.839 0.7475 0.5311 -0.8447 0.0664
-146.055 457.694 -77.1395 0.2187 0.7174 -0.5843 -0.7355 -0.343
-168.474 479.155 -69.9415 0.1739 0.6739 -0.8224 -0.4143 -0.3899
-133.406 474.964 -103.681 0.2457 0.6884 -0.51 -0.1418 -0.8484
-133.406 474.964 -103.681 0.2457 0.6884 -0.51 -0.1418 -0.8484
-120.086 454.948 -98.508 0.2716 0.7267 -0.3587 -0.634 -0.6851
-146.055 457.694 -77.1395 0.2187 0.7174 -0.5843 -0.7355 -0.343
-167.709 486.474 -68.6857 0.1753 0.6593 -0.7464 -0.0845 -0.6601
-132.803 483.679 -96.4911 0.2463 0.6698 -0.3772 0.0005 -0.9261
-133.406 474.964 -103.681 0.2457 0.6884 -0.51 -0.1418 -0.8484
-133.406 474.964 -103.681 0.2457 0.6884 -0.51 -0.1418 -0.8484
-168.474 479.155 -69.9415 0.1739 0.6739 -0.8224 -0.4143 -0.3899
-167.709 486.474 -68.6857 0.1753 0.6593 -0.7464 -0.0845 -0.6601
-104.571 439.629 -66.0789 0.2622 0.7985 -0.3183 -0.9466 0.0523
-71.6994 432.274 -67.1577 0.3393 0.8157 -0.1864 -0.9811 0.0524
-71.6994 442.572 36.9935 0.3064 0.846 -0.1817 -0.9786 0.097
-71.6994 442.572 36.9935 0.3064 0.846 -0.1817 -0.9786 0.097
-104.996 449.385 36.1471 0.2154 0.8279 -0.3243 -0.9421 0.0847
-104.571 439.629 -66.0789 0.2622 0.7985 -0.3183 -0.9466 0.0523
-168.091 491.009 30.8521 0.0434 0.7165 -0.9576 -0.2872 0.0225
-168.474 484.068 -54.1265 0.1122 0.684 -0.9537 -0.2997 0.0228
-146.055 460.004 -59.6954 0.1644 0.7499 -0.5311 -0.8447 0.0664
-146.055 460.004 -59.6954 0.1644 0.7499 -0.5311 -0.8447 0.0664
-146.055 466.931 33.9674 0.1034 0.7811 -0.5467 -0.8345 0.0691
-168.091 491.009 30.8521 0.0434 0.7165 -0.9576 -0.2872 0.0225
-71.6994 432.274 -67.1577 0.3393 0.8157 -0.1864 -0.9811 0.0524
-38.3544 426.534 -69.2434 0.4176 0.8293 -0.1269 -0.9903 0.0569
-40.8217 438.046 37.5556 0.3908 0.8578 -0.1256 -0.9871 0.0998
-40.8217 438.046 37.5556 0.3908 0.8578 -0.1256 -0.9871 0.0998
-71.6994 442.572 36.9935 0.3064 0.846 -0.1817 -0.9786 0.097
-71.6994 432.274 -67.1577 0.3393 0.8157 -0.1864 -0.9811 0.0524
-93.1251 483.091 -104.63 0.3253 0.6723 -0.1991 0.0631 -0.9779
-46.7699 486.543 -116.469 0.4178 0.6771 -0.248 0.1058 -0.963
-46.9761 473.434 -122.026 0.4178 0.6943 -0.2252 -0.1496 -0.9628
-46.9761 473.434 -122.026 0.4178 0.6943 -0.2252 -0.1496 -0.9628
-93.5453 473.604 -114.625 0.3252 0.6928 -0.2196 -0.0201 -0.9754
-93.1251 483.091 -104.63 0.3253 0.6723 -0.1991 0.0631 -0.9779
-137.907 739.779 14.9064 0.1278 0.0958 -0.9185 0.3949 -0.0193
-137.907 735.895 -62.2553 0.1839 0.1519 -0.9182 0.395 -0.029
-179.287 639.815 -61.0802 0.0868 0.3307 -0.9614 0.2745 -0.0215
-179.287 639.815 -61.0802 0.0868 0.3307 -0.9614 0.2745 -0.0215
-179.287 643.673 20.2553 0.014 0.3035 -0.9625 0.2709 -0.0131
-137.907 739.779 14.9064 0.1278 0.0958 -0.9185 0.3949 -0.0193
-137.907 732.268 -79.1772 0.2351 0.2159 -0.7195 0.3553 -0.5967
-105.078 728.334 -101.493 0.3016 0.2276 -0.4583 0.2944 -0.8386
-136.453 630.555 -122.838 0.2412 0.3859 -0.4709 0.0589 -0.8802
-136.453 630.555 -122.838 0.2412 0.3859 -0.4709 0.0589 -0.8802
-179.287 636.211 -81.5488 0.1535 0.3673 -0.7673 0.1649 -0.6198
-137.907 732.268 -79.1772 0.2351 0.2159 -0.7195 0.3553 -0.5967
-67.7608 727.394 -118.409 0.3766 0.2324 -0.1911 0.2459 -0.9503
-34.3255 727.394 -118.409 0.4426 0.2322 -0.0374 0.2276 -0.973
-44.1397 627.951 -141.796 0.425 0.394 -0.081 -0.033 -0.9962
-44.1397 627.951 -141.796 0.425 0.394 -0.081 -0.033 -0.9962
-87.7641 628.498 -137.39 0.3385 0.3924 -0.2129 -0.0279 -0.9767
-67.7608 727.394 -118.409 0.3766 0.2324 -0.1911 0.2459 -0.9503
-179.287 643.673 20.2553 0.014 0.3035 -0.9625 0.2709 -0.0131
-179.287 639.815 -61.0802 0.0868 0.3307 -0.9614 0.2745 -0.0215
-181.175 584.537 -55.8924 0.0818 0.4586 -0.9976 -0.0693 0.0022
-181.175 584.537 -55.8924 0.0818 0.4586 -0.9976 -0.0693 0.0022
-181.175 587.05 23.6341 0.0085 0.4569 -0.9973 -0.0734 0.0059
-179.287 643.673 20.2553 0.014 0.3035 -0.9625 0.2709 -0.0131
-179.287 636.211 -81.5488 0.1535 0.3673 -0.7673 0.1649 -0.6198
-136.453 630.555 -122.838 0.2412 0.3859 -0.4709 0.0589 -0.8802
-137.885 579.203 -99.9411 0.2366 0.4826 -0.4116 -0.1718 -0.895
-137.885 579.203 -99.9411 0.2366 0.4826 -0.4116 -0.1718 -0.895
-181.175 582.075 -74.8238 0.1492 0.4725 -0.7671 -0.1287 -0.6285
-179.287 636.211 -81.5488 0.1535 0.3673 -0.7673 0.1649 -0.6198
-87.7641 628.498 -137.39 0.3385 0.3924 -0.2129 -0.0279 -0.9767
-44.1397 627.951 -141.796 0.425 0.394 -0.081 -0.033 -0.9962
-44.5876 576.903 -116.459 0.4221 0.4896 -0.1926 -0.1702 -0.9664
-44.5876 576.903 -116.459 0.4221 0.4896 -0.1926 -0.1702 -0.9664
-88.677 578.136 -106.53 0.3343 0.4856 -0.197 -0.1932 -0.9612
-87.7641 628.498 -137.39 0.3385 0.3924 -0.2129 -0.0279 -0.9767
-120.086 454.948 -98.508 0.2716 0.7267 -0.3587 -0.634 -0.6851
-104.211 443.866 -82.9963 0.3018 0.7454 -0.2699 -0.9098 -0.3154
-146.055 457.694 -77.1395 0.2187 0.7174 -0.5843 -0.7355 -0.343
-93.5453 473.604 -114.625 0.3252 0.6928 -0.2196 -0.0201 -0.9754
-46.9761 473.434 -122.026 0.4178 0.6943 -0.2252 -0.1496 -0.9628
-44.3414 453.123 -113.947 0.4224 0.7327 -0.1364 -0.6036 -0.7855
-44.3414 453.123 -113.947 0.4224 0.7327 -0.1364 -0.6036 -0.7855
-86.4983 454.11 -105.996 0.3385 0.7295 -0.191 -0.6326 -0.7506
-93.5453 473.604 -114.625 0.3252 0.6928 -0.2196 -0.0201 -0.9754
-86.4983 454.11 -105.996 0.3385 0.7295 -0.191 -0.6326 -0.7506
-44.3414 453.123 -113.947 0.4224 0.7327 -0.1364 -0.6036 -0.7855
-36.2579 429.279 -90.0468 0.4365 0.775 -0.1237 -0.8527 -0.5075
-36.2579 429.279 -90.0468 0.4365 0.775 -0.1237 -0.8527 -0.5075
-71.6994 436.052 -85.7111 0.3662 0.7611 -0.1957 -0.8683 -0.4559
-86.4983 454.11 -105.996 0.3385 0.7295 -0.191 -0.6326 -0.7506
-181.175 587.05 23.6341 0.0085 0.4569 -0.9973 -0.0734 0.0059
-181.175 584.537 -55.8924 0.0818 0.4586 -0.9976 -0.0693 0.0022
-168.474 484.068 -54.1265 0.1122 0.684 -0.9537 -0.2997 0.0228
-168.474 484.068 -54.1265 0.1122 0.684 -0.9537 -0.2997 0.0228
-168.091 491.009 30.8521 0.0434 0.7165 -0.9576 -0.2872 0.0225
-181.175 587.05 23.6341 0.0085 0.4569 -0.9973 -0.0734 0.0059
-181.175 582.075 -74.8238 0.1492 0.4725 -0.7671 -0.1287 -0.6285
-137.885 579.203 -99.9411 0.2366 0.4826 -0.4116 -0.1718 -0.895
-132.803 483.679 -96.4911 0.2463 0.6698 -0.3772 0.0005 -0.9261
-132.803 483.679 -96.4911 0.2463 0.6698 -0.3772 0.0005 -0.9261
-167.709 486.474 -68.6857 0.1753 0.6593 -0.7464 -0.0845 -0.6601
-181.175 582.075 -74.8238 0.1492 0.4725 -0.7671 -0.1287 -0.6285
-88.677 578.136 -106.53 0.3343 0.4856 -0.197 -0.1932 -0.9612
-44.5876 576.903 -116.459 0.4221 0.4896 -0.1926 -0.1702 -0.9664
-46.7699 486.543 -116.469 0.4178 0.6771 -0.248 0.1058 -0.963
-46.7699 486.543 -116.469 0.4178 0.6771 -0.248 0.1058 -0.963
-93.1251 483.091 -104.63 0.3253 0.6723 -0.1991 0.0631 -0.9779
-88.677 578.136 -106.53 0.3343 0.4856 -0.197 -0.1932 -0.9612
-38.3544 426.534 -69.2434 0.4176 0.8293 -0.1269 -0.9903 0.0569
-2.1203 423.305 -69.9193 0.5026 0.8367 0 -0.9982 0.0598
-2.1203 433.687 38.0971 0.4966 0.8692 0 -0.995 0.1003
-2.1203 433.687 38.0971 0.4966 0.8692 0 -0.995 0.1003
-40.8217 438.046 37.5556 0.3908 0.8578 -0.1256 -0.9871 0.0998
-38.3544 426.534 -69.2434 0.4176 0.8293 -0.1269 -0.9903 0.0569
-34.3255 727.394 -118.409 0.4426 0.2322 -0.0374 0.2276 -0.973
-2.1203 727.394 -118.409 0.5062 0.232 -0 0.2378 -0.9713
-2.1203 627.734 -143.539 0.5081 0.3945 -0 -0.004 -1
-2.1203 627.734 -143.539 0.5081 0.3945 -0 -0.004 -1
-44.1397 627.951 -141.796 0.425 0.394 -0.081 -0.033 -0.9962
-34.3255 727.394 -118.409 0.4426 0.2322 -0.0374 0.2276 -0.973
-44.1397 627.951 -141.796 0.425 0.394 -0.081 -0.033 -0.9962
-2.1203 627.734 -143.539 0.5081 0.3945 -0 -0.004 -1
-2.1203 575.834 -125.06 0.5066 0.4931 -0 -0.1545 -0.988
-2.1203 575.834 -125.06 0.5066 0.4931 -0 -0.1545 -0.988
-44.5876 576.903 -116.459 0.4221 0.4896 -0.1926 -0.1702 -0.9664
-44.1397 627.951 -141.796 0.425 0.394 -0.081 -0.033 -0.9962
-44.5876 576.903 -116.459 0.4221 0.4896 -0.1926 -0.1702 -0.9664
-2.1203 575.834 -125.06 0.5066 0.4931 -0 -0.1545 -0.988
-2.1203 500.56 -125.86 0.5067 0.6366 -0 0.1077 -0.9942
-2.1203 500.56 -125.86 0.5067 0.6366 -0 0.1077 -0.9942
-46.7699 486.543 -116.469 0.4178 0.6771 -0.248 0.1058 -0.963
-44.5876 576.903 -116.459 0.4221 0.4896 -0.1926 -0.1702 -0.9664
-46.7699 486.543 -116.469 0.4178 0.6771 -0.248 0.1058 -0.963
-2.1203 500.56 -125.86 0.5067 0.6366 -0 0.1077 -0.9942
-2.1203 492.084 -141.44 0.508 0.6621 0 -0.0378 -0.9993
-2.1203 492.084 -141.44 0.508 0.6621 0 -0.0378 -0.9993
-46.9761 473.434 -122.026 0.4178 0.6943 -0.2252 -0.1496 -0.9628
-46.7699 486.543 -116.469 0.4178 0.6771 -0.248 0.1058 -0.963
-46.9761 473.434 -122.026 0.4178 0.6943 -0.2252 -0.1496 -0.9628
-2.1203 492.084 -141.44 0.508 0.6621 0 -0.0378 -0.9993
-2.1203 452.688 -117.447 0.506 0.7339 -0 -0.5926 -0.8055
-2.1203 452.688 -117.447 0.506 0.7339 -0 -0.5926 -0.8055
-44.3414 453.123 -113.947 0.4224 0.7327 -0.1364 -0.6036 -0.7855
-46.9761 473.434 -122.026 0.4178 0.6943 -0.2252 -0.1496 -0.9628
-44.3414 453.123 -113.947 0.4224 0.7327 -0.1364 -0.6036 -0.7855
-2.1203 452.688 -117.447 0.506 0.7339 -0 -0.5926 -0.8055
-2.1203 427.01 -91.757 0.504 0.7795 0 -0.8489 -0.5285
-2.1203 427.01 -91.757 0.504 0.7795 0 -0.8489 -0.5285
-36.2579 429.279 -90.0468 0.4365 0.775 -0.1237 -0.8527 -0.5075
-44.3414 453.123 -113.947 0.4224 0.7327 -0.1364 -0.6036 -0.7855
-105.078 728.334 -101.493 0.3016 0.2276 -0.4583 0.2944 -0.8386
-67.7608 727.394 -118.409 0.3766 0.2324 -0.1911 0.2459 -0.9503
-87.7641 628.498 -137.39 0.3385 0.3924 -0.2129 -0.0279 -0.9767
-87.7641 628.498 -137.39 0.3385 0.3924 -0.2129 -0.0279 -0.9767
-136.453 630.555 -122.838 0.2412 0.3859 -0.4709 0.0589 -0.8802
-105.078 728.334 -101.493 0.3016 0.2276 -0.4583 0.2944 -0.8386
-136.453 630.555 -122.838 0.2412 0.3859 -0.4709 0.0589 -0.8802
-87.7641 628.498 -137.39 0.3385 0.3924 -0.2129 -0.0279 -0.9767
-88.677 578.136 -106.53 0.3343 0.4856 -0.197 -0.1932 -0.9612
-88.677 578.136 -106.53 0.3343 0.4856 -0.197 -0.1932 -0.9612
-137.885 579.203 -99.9411 0.2366 0.4826 -0.4116 -0.1718 -0.895
-136.453 630.555 -122.838 0.2412 0.3859 -0.4709 0.0589 -0.8802
-137.885 579.203 -99.9411 0.2366 0.4826 -0.4116 -0.1718 -0.895
-88.677 578.136 -106.53 0.3343 0.4856 -0.197 -0.1932 -0.9612
-93.1251 483.091 -104.63 0.3253 0.6723 -0.1991 0.0631 -0.9779
-93.1251 483.091 -104.63 0.3253 0.6723 -0.1991 0.0631 -0.9779
-132.803 483.679 -96.4911 0.2463 0.6698 -0.3772 0.0005 -0.9261
-137.885 579.203 -99.9411 0.2366 0.4826 -0.4116 -0.1718 -0.895
-132.803 483.679 -96.4911 0.2463 0.6698 -0.3772 0.0005 -0.9261
-93.1251 483.091 -104.63 0.3253 0.6723 -0.1991 0.0631 -0.9779
-93.5453 473.604 -114.625 0.3252 0.6928 -0.2196 -0.0201 -0.9754
-93.5453 473.604 -114.625 0.3252 0.6928 -0.2196 -0.0201 -0.9754
-133.406 474.964 -103.681 0.2457 0.6884 -0.51 -0.1418 -0.8484
-132.803 483.679 -96.4911 0.2463 0.6698 -0.3772 0.0005 -0.9261
-120.086 454.948 -98.508 0.2716 0.7267 -0.3587 -0.634 -0.6851
-133.406 474.964 -103.681 0.2457 0.6884 -0.51 -0.1418 -0.8484
-93.5453 473.604 -114.625 0.3252 0.6928 -0.2196 -0.0201 -0.9754
-93.5453 473.604 -114.625 0.3252 0.6928 -0.2196 -0.0201 -0.9754
-86.4983 454.11 -105.996 0.3385 0.7295 -0.191 -0.6326 -0.7506
-120.086 454.948 -98.508 0.2716 0.7267 -0.3587 -0.634 -0.6851
-104.996 449.385 36.1471 0.2154 0.8279 -0.3243 -0.9421 0.0847
-146.055 466.931 33.9674 0.1034 0.7811 -0.5467 -0.8345 0.0691
-146.055 460.004 -59.6954 0.1644 0.7499 -0.5311 -0.8447 0.0664
-146.055 460.004 -59.6954 0.1644 0.7499 -0.5311 -0.8447 0.0664
-104.571 439.629 -66.0789 0.2622 0.7985 -0.3183 -0.9466 0.0523
-104.996 449.385 36.1471 0.2154 0.8279 -0.3243 -0.9421 0.0847
-86.4983 454.11 -105.996 0.3385 0.7295 -0.191 -0.6326 -0.7506
-71.6994 436.052 -85.7111 0.3662 0.7611 -0.1957 -0.8683 -0.4559
-104.211 443.866 -82.9963 0.3018 0.7454 -0.2699 -0.9098 -0.3154
-104.211 443.866 -82.9963 0.3018 0.7454 -0.2699 -0.9098 -0.3154
-120.086 454.948 -98.508 0.2716 0.7267 -0.3587 -0.634 -0.6851
-86.4983 454.11 -105.996 0.3385 0.7295 -0.191 -0.6326 -0.7506
-104.211 443.866 -82.9963 0.3018 0.7454 -0.2699 -0.9098 -0.3154
-71.6994 436.052 -85.7111 0.3662 0.7611 -0.1957 -0.8683 -0.4559
-71.6994 432.274 -67.1577 0.3393 0.8157 -0.1864 -0.9811 0.0524
-71.6994 432.274 -67.1577 0.3393 0.8157 -0.1864 -0.9811 0.0524
-104.571 439.629 -66.0789 0.2622 0.7985 -0.3183 -0.9466 0.0523
-104.211 443.866 -82.9963 0.3018 0.7454 -0.2699 -0.9098 -0.3154
-71.6994 436.052 -85.7111 0.3662 0.7611 -0.1957 -0.8683 -0.4559
-36.2579 429.279 -90.0468 0.4365 0.775 -0.1237 -0.8527 -0.5075
-38.3544 426.534 -69.2434 0.4176 0.8293 -0.1269 -0.9903 0.0569
-38.3544 426.534 -69.2434 0.4176 0.8293 -0.1269 -0.9903 0.0569
-71.6994 432.274 -67.1577 0.3393 0.8157 -0.1864 -0.9811 0.0524
-71.6994 436.052 -85.7111 0.3662 0.7611 -0.1957 -0.8683 -0.4559
-36.2579 429.279 -90.0468 0.4365 0.775 -0.1237 -0.8527 -0.5075
-2.1203 427.01 -91.757 0.504 0.7795 0 -0.8489 -0.5285
-2.1203 423.305 -69.9193 0.5026 0.8367 0 -0.9982 0.0598
-2.1203 423.305 -69.9193 0.5026 0.8367 0 -0.9982 0.0598
-38.3544 426.534 -69.2434 0.4176 0.8293 -0.1269 -0.9903 0.0569
-36.2579 429.279 -90.0468 0.4365 0.775 -0.1237 -0.8527 -0.5075
-137.907 735.895 -62.2553 0.1839 0.1519 -0.9182 0.395 -0.029
-137.907 732.268 -79.1772 0.2351 0.2159 -0.7195 0.3553 -0.5967
-179.287 636.211 -81.5488 0.1535 0.3673 -0.7673 0.1649 -0.6198
-179.287 636.211 -81.5488 0.1535 0.3673 -0.7673 0.1649 -0.6198
-179.287 639.815 -61.0802 0.0868 0.3307 -0.9614 0.2745 -0.0215
-137.907 735.895 -62.2553 0.1839 0.1519 -0.9182 0.395 -0.029
-179.287 639.815 -61.0802 0.0868 0.3307 -0.9614 0.2745 -0.0215
-179.287 636.211 -81.5488 0.1535 0.3673 -0.7673 0.1649 -0.6198
-181.175 582.075 -74.8238 0.1492 0.4725 -0.7671 -0.1287 -0.6285
-181.175 582.075 -74.8238 0.1492 0.4725 -0.7671 -0.1287 -0.6285
-181.175 584.537 -55.8924 0.0818 0.4586 -0.9976 -0.0693 0.0022
-179.287 639.815 -61.0802 0.0868 0.3307 -0.9614 0.2745 -0.0215
-181.175 584.537 -55.8924 0.0818 0.4586 -0.9976 -0.0693 0.0022
-181.175 582.075 -74.8238 0.1492 0.4725 -0.7671 -0.1287 -0.6285
-167.709 486.474 -68.6857 0.1753 0.6593 -0.7464 -0.0845 -0.6601
-167.709 486.474 -68.6857 0.1753 0.6593 -0.7464 -0.0845 -0.6601
-168.474 484.068 -54.1265 0.1122 0.684 -0.9537 -0.2997 0.0228
-181.175 584.537 -55.8924 0.0818 0.4586 -0.9976 -0.0693 0.0022
-168.474 484.068 -54.1265 0.1122 0.684 -0.9537 -0.2997 0.0228
-167.709 486.474 -68.6857 0.1753 0.6593 -0.7464 -0.0845 -0.6601
-168.474 479.155 -69.9415 0.1739 0.6739 -0.8224 -0.4143 -0.3899
-168.474 484.068 -54.1265 0.1122 0.684 -0.9537 -0.2997 0.0228
-168.474 479.155 -69.9415 0.1739 0.6739 -0.8224 -0.4143 -0.3899
-146.055 457.694 -77.1395 0.2187 0.7174 -0.5843 -0.7355 -0.343
-146.055 457.694 -77.1395 0.2187 0.7174 -0.5843 -0.7355 -0.343
-146.055 460.004 -59.6954 0.1644 0.7499 -0.5311 -0.8447 0.0664
-168.474 484.068 -54.1265 0.1122 0.684 -0.9537 -0.2997 0.0228
-146.055 460.004 -59.6954 0.1644 0.7499 -0.5311 -0.8447 0.0664
-146.055 457.694 -77.1395 0.2187 0.7174 -0.5843 -0.7355 -0.343
-104.211 443.866 -82.9963 0.3018 0.7454 -0.2699 -0.9098 -0.3154
-104.211 443.866 -82.9963 0.3018 0.7454 -0.2699 -0.9098 -0.3154
-104.571 439.629 -66.0789 0.2622 0.7985 -0.3183 -0.9466 0.0523
-146.055 460.004 -59.6954 0.1644 0.7499 -0.5311 -0.8447 0.0664
