Vertex Count: 600

Data:

-5 -1.11022e-16 -5 0 1 0 0.57735 -0
-5 -8.88178e-17 -4 0 0.9 0 0.57735 -0
-4 -8.88178e-17 -4 0.1 0.9 0 0.57735 -0
-5 -1.11022e-16 -5 0 1 0 0.57735 -0
-4 -8.88178e-17 -4 0.1 0.9 0 0.57735 -0
-4 -1.11022e-16 -5 0.1 1 0 0.57735 -0
-4 -1.11022e-16 -5 0.1 1 0 0.57735 -0
-4 -8.88178e-17 -4 0.1 0.9 0 0.57735 -0
-3 -8.88178e-17 -4 0.2 0.9 0 0.57735 -0
-4 -1.11022e-16 -5 0.1 1 0 0.57735 -0
-3 -8.88178e-17 -4 0.2 0.9 0 0.57735 -0
-3 -1.11022e-16 -5 0.2 1 0 0.57735 -0
-3 -1.11022e-16 -5 0.2 1 0 0.57735 -0
-3 -8.88178e-17 -4 0.2 0.9 0 0.57735 -0
-2 -8.88178e-17 -4 0.3 0.9 0 0.57735 -0
-3 -1.11022e-16 -5 0.2 1 0 0.57735 -0
-2 -8.88178e-17 -4 0.3 0.9 0 0.57735 -0
-2 -1.11022e-16 -5 0.3 1 0 0.57735 -0
-2 -1.11022e-16 -5 0.3 1 0 0.57735 -0
-2 -8.88178e-17 -4 0.3 0.9 0 0.57735 -0
-1 -8.88178e-17 -4 0.4 0.9 0 0.57735 -0
-2 -1.11022e-16 -5 0.3 1 0 0.57735 -0
-1 -8.88178e-17 -4 0.4 0.9 0 0.57735 -0
-1 -1.11022e-16 -5 0.4 1 0 0.57735 -0
-1 -1.11022e-16 -5 0.4 1 0 0.57735 -0
-1 -8.88178e-17 -4 0.4 0.9 0 0.57735 -0
0 -8.88178e-17 -4 0.5 0.9 0 0.57735 -0
-1 -1.11022e-16 -5 0.4 1 0 0.57735 -0
0 -8.88178e-17 -4 0.5 0.9 0 0.57735 -0
0 -1.11022e-16 -5 0.5 1 0 0.57735 -0
0 -1.11022e-16 -5 0.5 1 0 0.57735 -0
0 -8.88178e-17 -4 0.5 0.9 0 0.57735 -0
1 -8.88178e-17 -4 0.6 0.9 0 0.57735 -0
0 -1.11022e-16 -5 0.5 1 0 0.57735 -0
1 -8.88178e-17 -4 0.6 0.9 0 0.57735 -0
1 -1.11022e-16 -5 0.6 1 0 0.57735 -0
1 -1.11022e-16 -5 0.6 1 0 0.57735 -0
1 -8.88178e-17 -4 0.6 0.9 0 0.57735 -0
2 -8.88178e-17 -4 0.7 0.9 0 0.57735 -0
1 -1.11022e-16 -5 0.6 1 0 0.57735 -0
2 -8.88178e-17 -4 0.7 0.9 0 0.57735 -0
2 -1.11022e-16 -5 0.7 1 0 0.57735 -0
2 -1.11022e-16 -5 0.7 1 0 0.57735 -0
2 -8.88178e-17 -4 0.7 0.9 0 0.57735 -0
3 -8.88178e-17 -4 0.8 0.9 0 0.57735 -0
2 -1.11022e-16 -5 0.7 1 0 0.57735 -0
3 -8.88178e-17 -4 0.8 0.9 0 0.57735 -0
3 -1.11022e-16 -5 0.8 1 0 0.57735 -0
3 -1.11022e-16 -5 0.8 1 0 0.57735 -0
3 -8.88178e-17 -4 0.8 0.9 0 0.57735 -0
4 -8.88178e-17 -4 0.9 0.9 0 0.57735 -0
3 -1.11022e-16 -5 0.8 1 0 0.57735 -0
4 -8.88178e-17 -4 0.9 0.9 0 0.57735 -0
4 -1.11022e-16 -5 0.9 1 0 0.57735 -0
4 -1.11022e-16 -5 0.9 1 0 0.57735 -0
4 -8.88178e-17 -4 0.9 0.9 0 0.57735 -0
5 -8.88178e-17 -4 1 0.9 0 0.57735 -0
4 -1.11022e-16 -5 0.9 1 0 0.57735 -0
5 -8.88178e-17 -4 1 0.9 0 0.57735 -0
5 -1.11022e-16 -5 1 1 0 0.57735 -0
-2 -8.88178e-17 -4 0.3 0.9 0 0.57735 -0
-1 -6.66134e-17 -3 0.4 0.8 0 0.57735 -0
-1 -8.88178e-17 -4 0.4 0.9 0 0.57735 -0
-1 -8.88178e-17 -4 0.4 0.9 0 0.57735 -0
-1 -6.66134e-17 -3 0.4 0.8 0 0.57735 -0
0 -6.66134e-17 -3 0.5 0.8 0 0.57735 -0
-1 -8.88178e-17 -4 0.4 0.9 0 0.57735 -0
0 -6.66134e-17 -3 0.5 0.8 0 0.57735 -0
0 -8.88178e-17 -4 0.5 0.9 0 0.57735 -0
0 -8.88178e-17 -4 0.5 0.9 0 0.57735 -0
0 -6.66134e-17 -3 0.5 0.8 0 0.57735 -0
1 -6.66134e-17 -3 0.6 0.8 0 0.57735 -0
0 -8.88178e-17 -4 0.5 0.9 0 0.57735 -0
1 -6.66134e-17 -3 0.6 0.8 0 0.57735 -0
1 -8.88178e-17 -4 0.6 0.9 0 0.57735 -0
1 -8.88178e-17 -4 0.6 0.9 0 0.57735 -0
1 -6.66134e-17 -3 0.6 0.8 0 0.57735 -0
2 -6.66134e-17 -3 0.7 0.8 0 0.57735 -0
1 -8.88178e-17 -4 0.6 0.9 0 0.57735 -0
2 -6.66134e-17 -3 0.7 0.8 0 0.57735 -0
2 -8.88178e-17 -4 0.7 0.9 0 0.57735 -0
2 -8.88178e-17 -4 0.7 0.9 0 0.57735 -0
2 -6.66134e-17 -3 0.7 0.8 0 0.57735 -0
3 -6.66134e-17 -3 0.8 0.8 0 0.57735 -0
2 -8.88178e-17 -4 0.7 0.9 0 0.57735 -0
3 -6.66134e-17 -3 0.8 0.8 0 0.57735 -0
3 -8.88178e-17 -4 0.8 0.9 0 0.57735 -0
3 -8.88178e-17 -4 0.8 0.9 0 0.57735 -0
3 -6.66134e-17 -3 0.8 0.8 0 0.57735 -0
4 -6.66134e-17 -3 0.9 0.8 0 0.57735 -0
3 -8.88178e-17 -4 0.8 0.9 0 0.57735 -0
4 -6.66134e-17 -3 0.9 0.8 0 0.57735 -0
4 -8.88178e-17 -4 0.9 0.9 0 0.57735 -0
4 -8.88178e-17 -4 0.9 0.9 0 0.57735 -0
4 -6.66134e-17 -3 0.9 0.8 0 0.57735 -0
5 -6.66134e-17 -3 1 0.8 0 0.57735 -0
4 -8.88178e-17 -4 0.9 0.9 0 0.57735 -0
5 -6.66134e-17 -3 1 0.8 0 0.57735 -0
5 -8.88178e-17 -4 1 0.9 0 0.57735 -0
-1 -6.66134e-17 -3 0.4 0.8 0 0.57735 -0
0 -4.44089e-17 -2 0.5 0.7 0 0.57735 -0
0 -6.66134e-17 -3 0.5 0.8 0 0.57735 -0
-1 -6.66134e-17 -3 0.4 0.8 0 0.57735 -0
-1 -4.44089e-17 -2 0.4 0.7 0 0.57735 -0
0 -4.44089e-17 -2 0.5 0.7 0 0.57735 -0
-2 -6.66134e-17 -3 0.3 0.8 0 0.57735 -0
-1 -4.44089e-17 -2 0.4 0.7 0 0.57735 -0
-1 -6.66134e-17 -3 0.4 0.8 0 0.57735 -0
-2 -8.88178e-17 -4 0.3 0.9 0 0.57735 -0
-2 -6.66134e-17 -3 0.3 0.8 0 0.57735 -0
-1 -6.66134e-17 -3 0.4 0.8 0 0.57735 -0
-3 -8.88178e-17 -4 0.2 0.9 0 0.57735 -0
-2 -6.66134e-17 -3 0.3 0.8 0 0.57735 -0
-2 -8.88178e-17 -4 0.3 0.9 0 0.57735 -0
-3 -8.88178e-17 -4 0.2 0.9 0 0.57735 -0
-3 -6.66134e-17 -3 0.2 0.8 0 0.57735 -0
-2 -6.66134e-17 -3 0.3 0.8 0 0.57735 -0
-4 -8.88178e-17 -4 0.1 0.9 0 0.57735 -0
-3 -6.66134e-17 -3 0.2 0.8 0 0.57735 -0
-3 -8.88178e-17 -4 0.2 0.9 0 0.57735 -0
-4 -8.88178e-17 -4 0.1 0.9 0 0.57735 -0
-4 -6.66134e-17 -3 0.1 0.8 0 0.57735 -0
-3 -6.66134e-17 -3 0.2 0.8 0 0.57735 -0
-5 -8.88178e-17 -4 0 0.9 0 0.57735 -0
-4 -6.66134e-17 -3 0.1 0.8 0 0.57735 -0
-4 -8.88178e-17 -4 0.1 0.9 0 0.57735 -0
-5 -8.88178e-17 -4 0 0.9 0 0.57735 -0
-5 -6.66134e-17 -3 0 0.8 0 0.57735 -0
-4 -6.66134e-17 -3 0.1 0.8 0 0.57735 -0
-5 -6.66134e-17 -3 0 0.8 0 0.57735 -0
-4 -4.44089e-17 -2 0.1 0.7 0 0.57735 -0
-4 -6.66134e-17 -3 0.1 0.8 0 0.57735 -0
-5 -6.66134e-17 -3 0 0.8 0 0.57735 -0
-5 -4.44089e-17 -2 0 0.7 0 0.57735 -0
-4 -4.44089e-17 -2 0.1 0.7 0 0.57735 -0
-4 -6.66134e-17 -3 0.1 0.8 0 0.57735 -0
-4 -4.44089e-17 -2 0.1 0.7 0 0.57735 -0
-3 -4.44089e-17 -2 0.2 0.7 0 0.57735 -0
-4 -6.66134e-17 -3 0.1 0.8 0 0.57735 -0
-3 -4.44089e-17 -2 0.2 0.7 0 0.57735 -0
-3 -6.66134e-17 -3 0.2 0.8 0 0.57735 -0
-3 -6.66134e-17 -3 0.2 0.8 0 0.57735 -0
-3 -4.44089e-17 -2 0.2 0.7 0 0.57735 -0
-2 -4.44089e-17 -2 0.3 0.7 0 0.57735 -0
-3 -6.66134e-17 -3 0.2 0.8 0 0.57735 -0
-2 -4.44089e-17 -2 0.3 0.7 0 0.57735 -0
-2 -6.66134e-17 -3 0.3 0.8 0 0.57735 -0
-2 -6.66134e-17 -3 0.3 0.8 0 0.57735 -0
-2 -4.44089e-17 -2 0.3 0.7 0 0.57735 -0
-1 -4.44089e-17 -2 0.4 0.7 0 0.57735 -0
4 -6.66134e-17 -3 0.9 0.8 0 0.57735 -0
5 -4.44089e-17 -2 1 0.7 0 0.57735 -0
5 -6.66134e-17 -3 1 0.8 0 0.57735 -0
-5 -4.44089e-17 -2 0 0.7 0 0.57735 -0
-4 -2.22045e-17 -1 0.1 0.6 0 0.57735 -0
-4 -4.44089e-17 -2 0.1 0.7 0 0.57735 -0
-5 -4.44089e-17 -2 0 0.7 0 0.57735 -0
-5 -2.22045e-17 -1 0 0.6 0 0.57735 -0
-4 -2.22045e-17 -1 0.1 0.6 0 0.57735 -0
-4 -4.44089e-17 -2 0.1 0.7 0 0.57735 -0
-4 -2.22045e-17 -1 0.1 0.6 0 0.57735 -0
-3 -2.22045e-17 -1 0.2 0.6 0 0.57735 -0
-4 -4.44089e-17 -2 0.1 0.7 0 0.57735 -0
-3 -2.22045e-17 -1 0.2 0.6 0 0.57735 -0
-3 -4.44089e-17 -2 0.2 0.7 0 0.57735 -0
-3 -4.44089e-17 -2 0.2 0.7 0 0.57735 -0
-3 -2.22045e-17 -1 0.2 0.6 0 0.57735 -0
-2 -2.22045e-17 -1 0.3 0.6 0 0.57735 -0
-3 -4.44089e-17 -2 0.2 0.7 0 0.57735 -0
-2 -2.22045e-17 -1 0.3 0.6 0 0.57735 -0
-2 -4.44089e-17 -2 0.3 0.7 0 0.57735 -0
-2 -4.44089e-17 -2 0.3 0.7 0 0.57735 -0
-2 -2.22045e-17 -1 0.3 0.6 0 0.57735 -0
-1 -2.22045e-17 -1 0.4 0.6 0 0.57735 -0
-2 -4.44089e-17 -2 0.3 0.7 0 0.57735 -0
-1 -2.22045e-17 -1 0.4 0.6 0 0.57735 -0
-1 -4.44089e-17 -2 0.4 0.7 0 0.57735 -0
-1 -4.44089e-17 -2 0.4 0.7 0 0.57735 -0
-1 -2.22045e-17 -1 0.4 0.6 0 0.57735 -0
0 -2.22045e-17 -1 0.5 0.6 0 0.57735 -0
-1 -4.44089e-17 -2 0.4 0.7 0 0.57735 -0
0 -2.22045e-17 -1 0.5 0.6 0 0.57735 -0
0 -4.44089e-17 -2 0.5 0.7 0 0.57735 -0
0 -4.44089e-17 -2 0.5 0.7 0 0.57735 -0
0 -2.22045e-17 -1 0.5 0.6 0 0.57735 -0
1 -2.22045e-17 -1 0.6 0.6 0 0.57735 -0
0 -4.44089e-17 -2 0.5 0.7 0 0.57735 -0
1 -2.22045e-17 -1 0.6 0.6 0 0.57735 -0
1 -4.44089e-17 -2 0.6 0.7 0 0.57735 -0
0 -6.66134e-17 -3 0.5 0.8 0 0.57735 -0
0 -4.44089e-17 -2 0.5 0.7 0 0.57735 -0
1 -4.44089e-17 -2 0.6 0.7 0 0.57735 -0
0 -6.66134e-17 -3 0.5 0.8 0 0.57735 -0
1 -4.44089e-17 -2 0.6 0.7 0 0.57735 -0
1 -6.66134e-17 -3 0.6 0.8 0 0.57735 -0
1 -6.66134e-17 -3 0.6 0.8 0 0.57735 -0
1 -4.44089e-17 -2 0.6 0.7 0 0.57735 -0
2 -4.44089e-17 -2 0.7 0.7 0 0.57735 -0
1 -6.66134e-17 -3 0.6 0.8 0 0.57735 -0
2 -4.44089e-17 -2 0.7 0.7 0 0.57735 -0
2 -6.66134e-17 -3 0.7 0.8 0 0.57735 -0
2 -6.66134e-17 -3 0.7 0.8 0 0.57735 -0
2 -4.44089e-17 -2 0.7 0.7 0 0.57735 -0
3 -4.44089e-17 -2 0.8 0.7 0 0.57735 -0
2 -6.66134e-17 -3 0.7 0.8 0 0.57735 -0
3 -4.44089e-17 -2 0.8 0.7 0 0.57735 -0
3 -6.66134e-17 -3 0.8 0.8 0 0.57735 -0
3 -6.66134e-17 -3 0.8 0.8 0 0.57735 -0
3 -4.44089e-17 -2 0.8 0.7 0 0.57735 -0
4 -4.44089e-17 -2 0.9 0.7 0 0.57735 -0
3 -6.66134e-17 -3 0.8 0.8 0 0.57735 -0
4 -4.44089e-17 -2 0.9 0.7 0 0.57735 -0
4 -6.66134e-17 -3 0.9 0.8 0 0.57735 -0
4 -6.66134e-17 -3 0.9 0.8 0 0.57735 -0
4 -4.44089e-17 -2 0.9 0.7 0 0.57735 -0
5 -4.44089e-17 -2 1 0.7 0 0.57735 -0
1 -4.44089e-17 -2 0.6 0.7 0 0.57735 -0
1 -2.22045e-17 -1 0.6 0.6 0 0.57735 -0
2 -2.22045e-17 -1 0.7 0.6 0 0.57735 -0
1 -4.44089e-17 -2 0.6 0.7 0 0.57735 -0
2 -2.22045e-17 -1 0.7 0.6 0 0.57735 -0
2 -4.44089e-17 -2 0.7 0.7 0 0.57735 -0
2 -4.44089e-17 -2 0.7 0.7 0 0.57735 -0
2 -2.22045e-17 -1 0.7 0.6 0 0.57735 -0
3 -2.22045e-17 -1 0.8 0.6 0 0.57735 -0
2 -4.44089e-17 -2 0.7 0.7 0 0.57735 -0
3 -2.22045e-17 -1 0.8 0.6 0 0.57735 -0
3 -4.44089e-17 -2 0.8 0.7 0 0.57735 -0
3 -4.44089e-17 -2 0.8 0.7 0 0.57735 -0
3 -2.22045e-17 -1 0.8 0.6 0 0.57735 -0
4 -2.22045e-17 -1 0.9 0.6 0 0.57735 -0
3 -4.44089e-17 -2 0.8 0.7 0 0.57735 -0
4 -2.22045e-17 -1 0.9 0.6 0 0.57735 -0
4 -4.44089e-17 -2 0.9 0.7 0 0.57735 -0
4 -4.44089e-17 -2 0.9 0.7 0 0.57735 -0
4 -2.22045e-17 -1 0.9 0.6 0 0.57735 -0
5 -2.22045e-17 -1 1 0.6 0 0.57735 -0
4 -4.44089e-17 -2 0.9 0.7 0 0.57735 -0
5 -2.22045e-17 -1 1 0.6 0 0.57735 -0
5 -4.44089e-17 -2 1 0.7 0 0.57735 -0
1 -2.22045e-17 -1 0.6 0.6 0 0.57735 -0
2 0 -0 0.7 0.5 0 0.57735 -0
2 -2.22045e-17 -1 0.7 0.6 0 0.57735 -0
1 -2.22045e-17 -1 0.6 0.6 0 0.57735 -0
1 0 -0 0.6 0.5 0 0.57735 -0
2 0 -0 0.7 0.5 0 0.57735 -0
2 -2.22045e-17 -1 0.7 0.6 0 0.57735 -0
2 0 -0 0.7 0.5 0 0.57735 -0
3 0 -0 0.8 0.5 0 0.57735 -0
2 -2.22045e-17 -1 0.7 0.6 0 0.57735 -0
3 0 -0 0.8 0.5 0 0.57735 -0
3 -2.22045e-17 -1 0.8 0.6 0 0.57735 -0
3 -2.22045e-17 -1 0.8 0.6 0 0.57735 -0
3 0 -0 0.8 0.5 0 0.57735 -0
4 0 -0 0.9 0.5 0 0.57735 -0
3 -2.22045e-17 -1 0.8 0.6 0 0.57735 -0
4 0 -0 0.9 0.5 0 0.57735 -0
4 -2.22045e-17 -1 0.9 0.6 0 0.57735 -0
4 -2.22045e-17 -1 0.9 0.6 0 0.57735 -0
4 0 -0 0.9 0.5 0 0.57735 -0
5 0 -0 1 0.5 0 0.57735 -0
4 -2.22045e-17 -1 0.9 0.6 0 0.57735 -0
5 0 -0 1 0.5 0 0.57735 -0
5 -2.22045e-17 -1 1 0.6 0 0.57735 -0
1 0 -0 0.6 0.5 0 0.57735 -0
2 2.22045e-17 1 0.7 0.4 0 0.57735 -0
2 0 -0 0.7 0.5 0 0.57735 -0
1 0 -0 0.6 0.5 0 0.57735 -0
1 2.22045e-17 1 0.6 0.4 0 0.57735 -0
2 2.22045e-17 1 0.7 0.4 0 0.57735 -0
0 0 -0 0.5 0.5 0 0.57735 -0
1 2.22045e-17 1 0.6 0.4 0 0.57735 -0
1 0 -0 0.6 0.5 0 0.57735 -0
0 -2.22045e-17 -1 0.5 0.6 0 0.57735 -0
0 0 -0 0.5 0.5 0 0.57735 -0
1 0 -0 0.6 0.5 0 0.57735 -0
-1 -2.22045e-17 -1 0.4 0.6 0 0.57735 -0
0 0 -0 0.5 0.5 0 0.57735 -0
0 -2.22045e-17 -1 0.5 0.6 0 0.57735 -0
-1 -2.22045e-17 -1 0.4 0.6 0 0.57735 -0
-1 0 -0 0.4 0.5 0 0.57735 -0
0 0 -0 0.5 0.5 0 0.57735 -0
-2 -2.22045e-17 -1 0.3 0.6 0 0.57735 -0
-1 0 -0 0.4 0.5 0 0.57735 -0
-1 -2.22045e-17 -1 0.4 0.6 0 0.57735 -0
-2 -2.22045e-17 -1 0.3 0.6 0 0.57735 -0
-2 0 -0 0.3 0.5 0 0.57735 -0
-1 0 -0 0.4 0.5 0 0.57735 -0
-3 -2.22045e-17 -1 0.2 0.6 0 0.57735 -0
-2 0 -0 0.3 0.5 0 0.57735 -0
-2 -2.22045e-17 -1 0.3 0.6 0 0.57735 -0
-3 -2.22045e-17 -1 0.2 0.6 0 0.57735 -0
-3 0 -0 0.2 0.5 0 0.57735 -0
-2 0 -0 0.3 0.5 0 0.57735 -0
-4 -2.22045e-17 -1 0.1 0.6 0 0.57735 -0
-3 0 -0 0.2 0.5 0 0.57735 -0
-3 -2.22045e-17 -1 0.2 0.6 0 0.57735 -0
-4 -2.22045e-17 -1 0.1 0.6 0 0.57735 -0
-4 0 -0 0.1 0.5 0 0.57735 -0
-3 0 -0 0.2 0.5 0 0.57735 -0
-5 -2.22045e-17 -1 0 0.6 0 0.57735 -0
-4 0 -0 0.1 0.5 0 0.57735 -0
-4 -2.22045e-17 -1 0.1 0.6 0 0.57735 -0
-5 -2.22045e-17 -1 0 0.6 0 0.57735 -0
-5 0 -0 0 0.5 0 0.57735 -0
-4 0 -0 0.1 0.5 0 0.57735 -0
-5 0 -0 0 0.5 0 0.57735 -0
-4 2.22045e-17 1 0.1 0.4 0 0.57735 -0
-4 0 -0 0.1 0.5 0 0.57735 -0
-5 0 -0 0 0.5 0 0.57735 -0
-5 2.22045e-17 1 0 0.4 0 0.57735 -0
-4 2.22045e-17 1 0.1 0.4 0 0.57735 -0
-4 0 -0 0.1 0.5 0 0.57735 -0
-4 2.22045e-17 1 0.1 0.4 0 0.57735 -0
-3 2.22045e-17 1 0.2 0.4 0 0.57735 -0
-4 0 -0 0.1 0.5 0 0.57735 -0
-3 2.22045e-17 1 0.2 0.4 0 0.57735 -0
-3 0 -0 0.2 0.5 0 0.57735 -0
-3 0 -0 0.2 0.5 0 0.57735 -0
-3 2.22045e-17 1 0.2 0.4 0 0.57735 -0
-2 2.22045e-17 1 0.3 0.4 0 0.57735 -0
-3 0 -0 0.2 0.5 0 0.57735 -0
-2 2.22045e-17 1 0.3 0.4 0 0.57735 -0
-2 0 -0 0.3 0.5 0 0.57735 -0
-2 0 -0 0.3 0.5 0 0.57735 -0
-2 2.22045e-17 1 0.3 0.4 0 0.57735 -0
-1 2.22045e-17 1 0.4 0.4 0 0.57735 -0
-2 0 -0 0.3 0.5 0 0.57735 -0
-1 2.22045e-17 1 0.4 0.4 0 0.57735 -0
-1 0 -0 0.4 0.5 0 0.57735 -0
-1 0 -0 0.4 0.5 0 0.57735 -0
-1 2.22045e-17 1 0.4 0.4 0 0.57735 -0
0 2.22045e-17 1 0.5 0.4 0 0.57735 -0
-1 0 -0 0.4 0.5 0 0.57735 -0
0 2.22045e-17 1 0.5 0.4 0 0.57735 -0
0 0 -0 0.5 0.5 0 0.57735 -0
0 0 -0 0.5 0.5 0 0.57735 -0
0 2.22045e-17 1 0.5 0.4 0 0.57735 -0
1 2.22045e-17 1 0.6 0.4 0 0.57735 -0
-5 2.22045e-17 1 0 0.4 0 0.57735 -0
-4 4.44089e-17 2 0.1 0.3 0 0.57735 -0
-4 2.22045e-17 1 0.1 0.4 0 0.57735 -0
-5 2.22045e-17 1 0 0.4 0 0.57735 -0
-5 4.44089e-17 2 0 0.3 0 0.57735 -0
-4 4.44089e-17 2 0.1 0.3 0 0.57735 -0
-4 2.22045e-17 1 0.1 0.4 0 0.57735 -0
-4 4.44089e-17 2 0.1 0.3 0 0.57735 -0
-3 4.44089e-17 2 0.2 0.3 0 0.57735 -0
-4 2.22045e-17 1 0.1 0.4 0 0.57735 -0
-3 4.44089e-17 2 0.2 0.3 0 0.57735 -0
-3 2.22045e-17 1 0.2 0.4 0 0.57735 -0
-3 2.22045e-17 1 0.2 0.4 0 0.57735 -0
-3 4.44089e-17 2 0.2 0.3 0 0.57735 -0
-2 4.44089e-17 2 0.3 0.3 0 0.57735 -0
-3 2.22045e-17 1 0.2 0.4 0 0.57735 -0
-2 4.44089e-17 2 0.3 0.3 0 0.57735 -0
-2 2.22045e-17 1 0.3 0.4 0 0.57735 -0
-2 2.22045e-17 1 0.3 0.4 0 0.57735 -0
-2 4.44089e-17 2 0.3 0.3 0 0.57735 -0
-1 4.44089e-17 2 0.4 0.3 0 0.57735 -0
-2 2.22045e-17 1 0.3 0.4 0 0.57735 -0
-1 4.44089e-17 2 0.4 0.3 0 0.57735 -0
-1 2.22045e-17 1 0.4 0.4 0 0.57735 -0
-1 2.22045e-17 1 0.4 0.4 0 0.57735 -0
-1 4.44089e-17 2 0.4 0.3 0 0.57735 -0
0 4.44089e-17 2 0.5 0.3 0 0.57735 -0
-1 2.22045e-17 1 0.4 0.4 0 0.57735 -0
0 4.44089e-17 2 0.5 0.3 0 0.57735 -0
0 2.22045e-17 1 0.5 0.4 0 0.57735 -0
0 2.22045e-17 1 0.5 0.4 0 0.57735 -0
0 4.44089e-17 2 0.5 0.3 0 0.57735 -0
1 4.44089e-17 2 0.6 0.3 0 0.57735 -0
0 2.22045e-17 1 0.5 0.4 0 0.57735 -0
1 4.44089e-17 2 0.6 0.3 0 0.57735 -0
1 2.22045e-17 1 0.6 0.4 0 0.57735 -0
1 2.22045e-17 1 0.6 0.4 0 0.57735 -0
1 4.44089e-17 2 0.6 0.3 0 0.57735 -0
2 4.44089e-17 2 0.7 0.3 0 0.57735 -0
1 2.22045e-17 1 0.6 0.4 0 0.57735 -0
2 4.44089e-17 2 0.7 0.3 0 0.57735 -0
2 2.22045e-17 1 0.7 0.4 0 0.57735 -0
2 2.22045e-17 1 0.7 0.4 0 0.57735 -0
2 4.44089e-17 2 0.7 0.3 0 0.57735 -0
3 4.44089e-17 2 0.8 0.3 0 0.57735 -0
2 2.22045e-17 1 0.7 0.4 0 0.57735 -0
3 4.44089e-17 2 0.8 0.3 0 0.57735 -0
3 2.22045e-17 1 0.8 0.4 0 0.57735 -0
2 0 -0 0.7 0.5 0 0.57735 -0
2 2.22045e-17 1 0.7 0.4 0 0.57735 -0
3 2.22045e-17 1 0.8 0.4 0 0.57735 -0
2 0 -0 0.7 0.5 0 0.57735 -0
3 2.22045e-17 1 0.8 0.4 0 0.57735 -0
3 0 -0 0.8 0.5 0 0.57735 -0
3 0 -0 0.8 0.5 0 0.57735 -0
3 2.22045e-17 1 0.8 0.4 0 0.57735 -0
4 2.22045e-17 1 0.9 0.4 0 0.57735 -0
3 0 -0 0.8 0.5 0 0.57735 -0
4 2.22045e-17 1 0.9 0.4 0 0.57735 -0
4 0 -0 0.9 0.5 0 0.57735 -0
4 0 -0 0.9 0.5 0 0.57735 -0
4 2.22045e-17 1 0.9 0.4 0 0.57735 -0
5 2.22045e-17 1 1 0.4 0 0.57735 -0
4 0 -0 0.9 0.5 0 0.57735 -0
5 2.22045e-17 1 1 0.4 0 0.57735 -0
5 0 -0 1 0.5 0 0.57735 -0
3 2.22045e-17 1 0.8 0.4 0 0.57735 -0
3 4.44089e-17 2 0.8 0.3 0 0.57735 -0
4 4.44089e-17 2 0.9 0.3 0 0.57735 -0
3 2.22045e-17 1 0.8 0.4 0 0.57735 -0
4 4.44089e-17 2 0.9 0.3 0 0.57735 -0
4 2.22045e-17 1 0.9 0.4 0 0.57735 -0
4 2.22045e-17 1 0.9 0.4 0 0.57735 -0
4 4.44089e-17 2 0.9 0.3 0 0.57735 -0
5 4.44089e-17 2 1 0.3 0 0.57735 -0
4 2.22045e-17 1 0.9 0.4 0 0.57735 -0
5 4.44089e-17 2 1 0.3 0 0.57735 -0
5 2.22045e-17 1 1 0.4 0 0.57735 -0
-2 4.44089e-17 2 0.3 0.3 0 0.57735 -0
-1 6.66134e-17 3 0.4 0.2 0 0.57735 -0
-1 4.44089e-17 2 0.4 0.3 0 0.57735 -0
-1 4.44089e-17 2 0.4 0.3 0 0.57735 -0
-1 6.66134e-17 3 0.4 0.2 0 0.57735 -0
0 6.66134e-17 3 0.5 0.2 0 0.57735 -0
-1 4.44089e-17 2 0.4 0.3 0 0.57735 -0
0 6.66134e-17 3 0.5 0.2 0 0.57735 -0
0 4.44089e-17 2 0.5 0.3 0 0.57735 -0
0 4.44089e-17 2 0.5 0.3 0 0.57735 -0
0 6.66134e-17 3 0.5 0.2 0 0.57735 -0
1 6.66134e-17 3 0.6 0.2 0 0.57735 -0
0 4.44089e-17 2 0.5 0.3 0 0.57735 -0
1 6.66134e-17 3 0.6 0.2 0 0.57735 -0
1 4.44089e-17 2 0.6 0.3 0 0.57735 -0
1 4.44089e-17 2 0.6 0.3 0 0.57735 -0
1 6.66134e-17 3 0.6 0.2 0 0.57735 -0
2 6.66134e-17 3 0.7 0.2 0 0.57735 -0
1 4.44089e-17 2 0.6 0.3 0 0.57735 -0
2 6.66134e-17 3 0.7 0.2 0 0.57735 -0
2 4.44089e-17 2 0.7 0.3 0 0.57735 -0
2 4.44089e-17 2 0.7 0.3 0 0.57735 -0
2 6.66134e-17 3 0.7 0.2 0 0.57735 -0
3 6.66134e-17 3 0.8 0.2 0 0.57735 -0
2 4.44089e-17 2 0.7 0.3 0 0.57735 -0
3 6.66134e-17 3 0.8 0.2 0 0.57735 -0
3 4.44089e-17 2 0.8 0.3 0 0.57735 -0
3 4.44089e-17 2 0.8 0.3 0 0.57735 -0
3 6.66134e-17 3 0.8 0.2 0 0.57735 -0
4 6.66134e-17 3 0.9 0.2 0 0.57735 -0
3 4.44089e-17 2 0.8 0.3 0 0.57735 -0
4 6.66134e-17 3 0.9 0.2 0 0.57735 -0
4 4.44089e-17 2 0.9 0.3 0 0.57735 -0
4 4.44089e-17 2 0.9 0.3 0 0.57735 -0
4 6.66134e-17 3 0.9 0.2 0 0.57735 -0
5 6.66134e-17 3 1 0.2 0 0.57735 -0
4 4.44089e-17 2 0.9 0.3 0 0.57735 -0
5 6.66134e-17 3 1 0.2 0 0.57735 -0
5 4.44089e-17 2 1 0.3 0 0.57735 -0
-1 6.66134e-17 3 0.4 0.2 0 0.57735 -0
0 8.88178e-17 4 0.5 0.1 0 0.57735 -0
0 6.66134e-17 3 0.5 0.2 0 0.57735 -0
-1 6.66134e-17 3 0.4 0.2 0 0.57735 -0
-1 8.88178e-17 4 0.4 0.1 0 0.57735 -0
0 8.88178e-17 4 0.5 0.1 0 0.57735 -0
-2 6.66134e-17 3 0.3 0.2 0 0.57735 -0
-1 8.88178e-17 4 0.4 0.1 0 0.57735 -0
-1 6.66134e-17 3 0.4 0.2 0 0.57735 -0
-2 4.44089e-17 2 0.3 0.3 0 0.57735 -0
-2 6.66134e-17 3 0.3 0.2 0 0.57735 -0
-1 6.66134e-17 3 0.4 0.2 0 0.57735 -0
-3 4.44089e-17 2 0.2 0.3 0 0.57735 -0
-2 6.66134e-17 3 0.3 0.2 0 0.57735 -0
-2 4.44089e-17 2 0.3 0.3 0 0.57735 -0
-3 4.44089e-17 2 0.2 0.3 0 0.57735 -0
-3 6.66134e-17 3 0.2 0.2 0 0.57735 -0
-2 6.66134e-17 3 0.3 0.2 0 0.57735 -0
-4 4.44089e-17 2 0.1 0.3 0 0.57735 -0
-3 6.66134e-17 3 0.2 0.2 0 0.57735 -0
-3 4.44089e-17 2 0.2 0.3 0 0.57735 -0
-4 4.44089e-17 2 0.1 0.3 0 0.57735 -0
-4 6.66134e-17 3 0.1 0.2 0 0.57735 -0
-3 6.66134e-17 3 0.2 0.2 0 0.57735 -0
-5 4.44089e-17 2 0 0.3 0 0.57735 -0
-4 6.66134e-17 3 0.1 0.2 0 0.57735 -0
-4 4.44089e-17 2 0.1 0.3 0 0.57735 -0
-5 4.44089e-17 2 0 0.3 0 0.57735 -0
-5 6.66134e-17 3 0 0.2 0 0.57735 -0
-4 6.66134e-17 3 0.1 0.2 0 0.57735 -0
-5 6.66134e-17 3 0 0.2 0 0.57735 -0
-4 8.88178e-17 4 0.1 0.1 0 0.57735 -0
-4 6.66134e-17 3 0.1 0.2 0 0.57735 -0
-5 6.66134e-17 3 0 0.2 0 0.57735 -0
-5 8.88178e-17 4 0 0.1 0 0.57735 -0
-4 8.88178e-17 4 0.1 0.1 0 0.57735 -0
-4 6.66134e-17 3 0.1 0.2 0 0.57735 -0
-4 8.88178e-17 4 0.1 0.1 0 0.57735 -0
-3 8.88178e-17 4 0.2 0.1 0 0.57735 -0
-4 6.66134e-17 3 0.1 0.2 0 0.57735 -0
-3 8.88178e-17 4 0.2 0.1 0 0.57735 -0
-3 6.66134e-17 3 0.2 0.2 0 0.57735 -0
-3 6.66134e-17 3 0.2 0.2 0 0.57735 -0
-3 8.88178e-17 4 0.2 0.1 0 0.57735 -0
-2 8.88178e-17 4 0.3 0.1 0 0.57735 -0
-3 6.66134e-17 3 0.2 0.2 0 0.57735 -0
-2 8.88178e-17 4 0.3 0.1 0 0.57735 -0
-2 6.66134e-17 3 0.3 0.2 0 0.57735 -0
-2 6.66134e-17 3 0.3 0.2 0 0.57735 -0
-2 8.88178e-17 4 0.3 0.1 0 0.57735 -0
-1 8.88178e-17 4 0.4 0.1 0 0.57735 -0
4 6.66134e-17 3 0.9 0.2 0 0.57735 -0
5 8.88178e-17 4 1 0.1 0 0.57735 -0
5 6.66134e-17 3 1 0.2 0 0.57735 -0
-5 8.88178e-17 4 0 0.1 0 0.57735 -0
-4 1.11022e-16 5 0.1 0 0 0.57735 -0
-4 8.88178e-17 4 0.1 0.1 0 0.57735 -0
-5 8.88178e-17 4 0 0.1 0 0.57735 -0
-5 1.11022e-16 5 0 0 0 0.57735 -0
-4 1.11022e-16 5 0.1 0 0 0.57735 -0
-4 8.88178e-17 4 0.1 0.1 0 0.57735 -0
-4 1.11022e-16 5 0.1 0 0 0.57735 -0
-3 1.11022e-16 5 0.2 0 0 0.57735 -0
-4 8.88178e-17 4 0.1 0.1 0 0.57735 -0
-3 1.11022e-16 5 0.2 0 0 0.57735 -0
-3 8.88178e-17 4 0.2 0.1 0 0.57735 -0
-3 8.88178e-17 4 0.2 0.1 0 0.57735 -0
-3 1.11022e-16 5 0.2 0 0 0.57735 -0
-2 1.11022e-16 5 0.3 0 0 0.57735 -0
-3 8.88178e-17 4 0.2 0.1 0 0.57735 -0
-2 1.11022e-16 5 0.3 0 0 0.57735 -0
-2 8.88178e-17 4 0.3 0.1 0 0.57735 -0
-2 8.88178e-17 4 0.3 0.1 0 0.57735 -0
-2 1.11022e-16 5 0.3 0 0 0.57735 -0
-1 1.11022e-16 5 0.4 0 0 0.57735 -0
-2 8.88178e-17 4 0.3 0.1 0 0.57735 -0
-1 1.11022e-16 5 0.4 0 0 0.57735 -0
-1 8.88178e-17 4 0.4 0.1 0 0.57735 -0
-1 8.88178e-17 4 0.4 0.1 0 0.57735 -0
-1 1.11022e-16 5 0.4 0 0 0.57735 -0
0 1.11022e-16 5 0.5 0 0 0.57735 -0
-1 8.88178e-17 4 0.4 0.1 0 0.57735 -0
0 1.11022e-16 5 0.5 0 0 0.57735 -0
0 8.88178e-17 4 0.5 0.1 0 0.57735 -0
0 8.88178e-17 4 0.5 0.1 0 0.57735 -0
0 1.11022e-16 5 0.5 0 0 0.57735 -0
1 1.11022e-16 5 0.6 0 0 0.57735 -0
0 8.88178e-17 4 0.5 0.1 0 0.57735 -0
1 1.11022e-16 5 0.6 0 0 0.57735 -0
1 8.88178e-17 4 0.6 0.1 0 0.57735 -0
0 6.66134e-17 3 0.5 0.2 0 0.57735 -0
0 8.88178e-17 4 0.5 0.1 0 0.57735 -0
1 8.88178e-17 4 0.6 0.1 0 0.57735 -0
0 6.66134e-17 3 0.5 0.2 0 0.57735 -0
1 8.88178e-17 4 0.6 0.1 0 0.57735 -0
1 6.66134e-17 3 0.6 0.2 0 0.57735 -0
1 6.66134e-17 3 0.6 0.2 0 0.57735 -0
1 8.88178e-17 4 0.6 0.1 0 0.57735 -0
2 8.88178e-17 4 0.7 0.1 0 0.57735 -0
1 6.66134e-17 3 0.6 0.2 0 0.57735 -0
2 8.88178e-17 4 0.7 0.1 0 0.57735 -0
2 6.66134e-17 3 0.7 0.2 0 0.57735 -0
2 6.66134e-17 3 0.7 0.2 0 0.57735 -0
2 8.88178e-17 4 0.7 0.1 0 0.57735 -0
3 8.88178e-17 4 0.8 0.1 0 0.57735 -0
2 6.66134e-17 3 0.7 0.2 0 0.57735 -0
3 8.88178e-17 4 0.8 0.1 0 0.57735 -0
3 6.66134e-17 3 0.8 0.2 0 0.57735 -0
3 6.66134e-17 3 0.8 0.2 0 0.57735 -0
3 8.88178e-17 4 0.8 0.1 0 0.57735 -0
4 8.88178e-17 4 0.9 0.1 0 0.57735 -0
3 6.66134e-17 3 0.8 0.2 0 0.57735 -0
4 8.88178e-17 4 0.9 0.1 0 0.57735 -0
4 6.66134e-17 3 0.9 0.2 0 0.57735 -0
4 6.66134e-17 3 0.9 0.2 0 0.57735 -0
4 8.88178e-17 4 0.9 0.1 0 0.57735 -0
5 8.88178e-17 4 1 0.1 0 0.57735 -0
1 8.88178e-17 4 0.6 0.1 0 0.57735 -0
1 1.11022e-16 5 0.6 0 0 0.57735 -0
2 1.11022e-16 5 0.7 0 0 0.57735 -0
1 8.88178e-17 4 0.6 0.1 0 0.57735 -0
2 1.11022e-16 5 0.7 0 0 0.57735 -0
2 8.88178e-17 4 0.7 0.1 0 0.57735 -0
2 8.88178e-17 4 0.7 0.1 0 0.57735 -0
2 1.11022e-16 5 0.7 0 0 0.57735 -0
3 1.11022e-16 5 0.8 0 0 0.57735 -0
2 8.88178e-17 4 0.7 0.1 0 0.57735 -0
3 1.11022e-16 5 0.8 0 0 0.57735 -0
3 8.88178e-17 4 0.8 0.1 0 0.57735 -0
3 8.88178e-17 4 0.8 0.1 0 0.57735 -0
3 1.11022e-16 5 0.8 0 0 0.57735 -0
4 1.11022e-16 5 0.9 0 0 0.57735 -0
3 8.88178e-17 4 0.8 0.1 0 0.57735 -0
4 1.11022e-16 5 0.9 0 0 0.57735 -0
4 8.88178e-17 4 0.9 0.1 0 0.57735 -0
4 8.88178e-17 4 0.9 0.1 0 0.57735 -0
4 1.11022e-16 5 0.9 0 0 0.57735 -0
5 1.11022e-16 5 1 0 0 0.57735 -0
4 8.88178e-17 4 0.9 0.1 0 0.57735 -0
5 1.11022e-16 5 1 0 0 0.57735 -0
5 8.88178e-17 4 1 0.1 0 0.57735 -0
0 -2.22045e-17 -1 0.5 0.6 0 0.57735 -0
1 0 -0 0.6 0.5 0 0.57735 -0
1 -2.22045e-17 -1 0.6 0.6 0 0.57735 -0
