Vertex Count: 438

Data:

-2.1202 370.32 50.3581 0.721 0.0442 -0 0.9047 -0.4261
25.6082 356.224 56.2784 0.8279 0.0985 0.6159 0.7125 -0.3361
-2.1202 343.906 34.0647 0.721 0.1585 0.5405 0.352 -0.7641
-2.1202 363.024 82.8198 0.2645 0.1412 -0 0.9759 0.2181
18.6414 355.127 78.0637 0.1899 0.149 0.538 0.8166 0.2092
25.6082 356.224 56.2784 0.1454 0.0773 0.6159 0.7125 -0.3361
25.6082 356.224 56.2784 0.1454 0.0773 0.6159 0.7125 -0.3361
-2.1202 370.32 50.3581 0.2645 0.0258 -0 0.9047 -0.4261
-2.1202 363.024 82.8198 0.2645 0.1412 -0 0.9759 0.2181
25.7833 339.571 89.9375 0.1708 0.2261 0.6963 0.4607 0.5504
18.6414 355.127 78.0637 0.1899 0.149 0.538 0.8166 0.2092
-2.1202 363.024 82.8198 0.2645 0.1412 -0 0.9759 0.2181
-2.1202 363.024 82.8198 0.2645 0.1412 -0 0.9759 0.2181
-2.1202 343.604 100.664 0.2645 0.2358 -0 0.59 0.8074
25.7833 339.571 89.9375 0.1708 0.2261 0.6963 0.4607 0.5504
-2.1202 157.294 95.2983 0.2645 0.9654 0 -0.9366 0.3503
7.2617 173.847 97.5038 0.2248 0.901 0.7113 -0.6574 0.2487
-2.1202 176.233 105.35 0.2648 0.8815 0.6043 -0.2736 0.7483
-2.1202 157.294 95.2983 0.721 0.9417 0 -0.9366 0.3503
-2.1202 175.168 90.0232 0.721 0.8641 0 -0.9028 -0.4301
7.2617 173.847 97.5038 0.7606 0.8792 0.7113 -0.6574 0.2487
18.6414 355.127 78.0637 0.1899 0.149 0.538 0.8166 0.2092
25.7833 339.571 89.9375 0.1708 0.2261 0.6963 0.4607 0.5504
36.6636 331.625 62.1931 0.0663 0.1827 0.9843 0.1586 -0.077
36.6636 331.625 62.1931 0.0663 0.1827 0.9843 0.1586 -0.077
25.6082 356.224 56.2784 0.1454 0.0773 0.6159 0.7125 -0.3361
18.6414 355.127 78.0637 0.1899 0.149 0.538 0.8166 0.2092
36.6636 331.625 62.1931 0.8745 0.2084 0.9843 0.1586 -0.077
-2.1202 343.906 34.0647 0.721 0.1585 0.5405 0.352 -0.7641
25.6082 356.224 56.2784 0.8279 0.0985 0.6159 0.7125 -0.3361
41.236 290.124 74.5918 0.8906 0.3943 0.9345 -0.1376 -0.3284
-2.1202 288.658 48.9635 0.721 0.3725 0.9347 -0.1431 -0.3252
-2.1202 343.906 34.0647 0.721 0.1585 0.5405 0.352 -0.7641
-2.1202 343.906 34.0647 0.721 0.1585 0.5405 0.352 -0.7641
36.6636 331.625 62.1931 0.8745 0.2084 0.9843 0.1586 -0.077
41.236 290.124 74.5918 0.8906 0.3943 0.9345 -0.1376 -0.3284
30.8622 229.678 90.2455 0.8513 0.6536 0.9329 -0.215 -0.2889
-2.1202 223.429 71.5839 0.721 0.652 0.9329 -0.2152 -0.2888
-2.1202 288.658 48.9635 0.721 0.3725 0.9347 -0.1431 -0.3252
-2.1202 288.658 48.9635 0.721 0.3725 0.9347 -0.1431 -0.3252
41.236 290.124 74.5918 0.8906 0.3943 0.9345 -0.1376 -0.3284
30.8622 229.678 90.2455 0.8513 0.6536 0.9329 -0.215 -0.2889
7.2617 173.847 97.5038 0.7606 0.8792 0.7113 -0.6574 0.2487
-2.1202 175.168 90.0232 0.721 0.8641 0 -0.9028 -0.4301
-2.1202 223.429 71.5839 0.721 0.652 0.9329 -0.2152 -0.2888
-2.1202 223.429 71.5839 0.721 0.652 0.9329 -0.2152 -0.2888
30.8622 229.678 90.2455 0.8513 0.6536 0.9329 -0.215 -0.2889
7.2617 173.847 97.5038 0.7606 0.8792 0.7113 -0.6574 0.2487
7.2617 173.847 97.5038 0.2248 0.901 0.7113 -0.6574 0.2487
20.4821 235.633 112.936 0.1826 0.6425 0.9292 0.0243 0.3688
-2.1202 176.233 105.35 0.2648 0.8815 0.6043 -0.2736 0.7483
41.236 290.124 74.5918 0.0233 0.3951 0.9345 -0.1376 -0.3284
29.2303 298.523 107.381 0.1613 0.3951 0.9355 0.1371 0.3256
20.4821 235.633 112.936 0.1826 0.6425 0.9292 0.0243 0.3688
20.4821 235.633 112.936 0.1826 0.6425 0.9292 0.0243 0.3688
30.8622 229.678 90.2455 0.0913 0.6771 0.9329 -0.215 -0.2889
41.236 290.124 74.5918 0.0233 0.3951 0.9345 -0.1376 -0.3284
36.6636 331.625 62.1931 0.0663 0.1827 0.9843 0.1586 -0.077
25.7833 339.571 89.9375 0.1708 0.2261 0.6963 0.4607 0.5504
29.2303 298.523 107.381 0.1613 0.3951 0.9355 0.1371 0.3256
29.2303 298.523 107.381 0.1613 0.3951 0.9355 0.1371 0.3256
41.236 290.124 74.5918 0.0233 0.3951 0.9345 -0.1376 -0.3284
36.6636 331.625 62.1931 0.0663 0.1827 0.9843 0.1586 -0.077
-2.1202 303.544 119.054 0.2645 0.3951 0.3541 0.371 0.8584
29.2303 298.523 107.381 0.1613 0.3951 0.9355 0.1371 0.3256
25.7833 339.571 89.9375 0.1708 0.2261 0.6963 0.4607 0.5504
25.7833 339.571 89.9375 0.1708 0.2261 0.6963 0.4607 0.5504
-2.1202 343.604 100.664 0.2645 0.2358 -0 0.59 0.8074
-2.1202 303.544 119.054 0.2645 0.3951 0.3541 0.371 0.8584
-2.1202 238.136 123.568 0.2645 0.6307 0.3492 0.2125 0.9126
20.4821 235.633 112.936 0.1826 0.6425 0.9292 0.0243 0.3688
29.2303 298.523 107.381 0.1613 0.3951 0.9355 0.1371 0.3256
29.2303 298.523 107.381 0.1613 0.3951 0.9355 0.1371 0.3256
-2.1202 303.544 119.054 0.2645 0.3951 0.3541 0.371 0.8584
-2.1202 238.136 123.568 0.2645 0.6307 0.3492 0.2125 0.9126
-2.1202 238.136 123.568 0.2645 0.6307 0.3492 0.2125 0.9126
-2.1202 176.233 105.35 0.2648 0.8815 0.6043 -0.2736 0.7483
20.4821 235.633 112.936 0.1826 0.6425 0.9292 0.0243 0.3688
-29.8487 356.224 56.2784 0.6141 0.0985 -0.6159 0.7125 -0.3361
-2.1202 370.32 50.3581 0.721 0.0442 -0 0.9047 -0.4261
-2.1202 343.906 34.0647 0.721 0.1585 0.5405 0.352 -0.7641
-2.1202 363.024 82.8198 0.2645 0.1412 -0 0.9759 0.2181
-2.1202 370.32 50.3581 0.2645 0.0258 -0 0.9047 -0.4261
-29.8487 356.224 56.2784 0.3835 0.0773 -0.6159 0.7125 -0.3361
-29.8487 356.224 56.2784 0.3835 0.0773 -0.6159 0.7125 -0.3361
-22.8819 355.127 78.0637 0.3391 0.149 -0.538 0.8166 0.2092
-2.1202 363.024 82.8198 0.2645 0.1412 -0 0.9759 0.2181
-30.0238 339.571 89.9375 0.3581 0.226 -0.6963 0.4607 0.5504
-2.1202 343.604 100.664 0.2645 0.2358 -0 0.59 0.8074
-2.1202 363.024 82.8198 0.2645 0.1412 -0 0.9759 0.2181
-2.1202 363.024 82.8198 0.2645 0.1412 -0 0.9759 0.2181
-22.8819 355.127 78.0637 0.3391 0.149 -0.538 0.8166 0.2092
-30.0238 339.571 89.9375 0.3581 0.226 -0.6963 0.4607 0.5504
-11.5022 173.847 97.5038 0.3038 0.9009 -0.7113 -0.6574 0.2487
-2.1202 157.294 95.2983 0.2645 0.9654 0 -0.9366 0.3503
-2.1202 176.233 105.35 0.2648 0.8815 0.6043 -0.2736 0.7483
-2.1202 175.168 90.0232 0.721 0.8641 0 -0.9028 -0.4301
-2.1202 157.294 95.2983 0.721 0.9417 0 -0.9366 0.3503
-11.5022 173.847 97.5038 0.6814 0.8792 -0.7113 -0.6574 0.2487
-22.8819 355.127 78.0637 0.3391 0.149 -0.538 0.8166 0.2092
-29.8487 356.224 56.2784 0.3835 0.0773 -0.6159 0.7125 -0.3361
-40.9041 331.625 62.1931 0.4627 0.1827 -0.9843 0.1586 -0.077
-40.9041 331.625 62.1931 0.4627 0.1827 -0.9843 0.1586 -0.077
-30.0238 339.571 89.9375 0.3581 0.226 -0.6963 0.4607 0.5504
-22.8819 355.127 78.0637 0.3391 0.149 -0.538 0.8166 0.2092
-2.1202 343.906 34.0647 0.721 0.1585 0.5405 0.352 -0.7641
-40.9041 331.625 62.1931 0.5675 0.2084 -0.9843 0.1586 -0.077
-29.8487 356.224 56.2784 0.6141 0.0985 -0.6159 0.7125 -0.3361
-45.4765 290.124 74.5918 0.5514 0.3943 -0.9345 -0.1376 -0.3284
-40.9041 331.625 62.1931 0.5675 0.2084 -0.9843 0.1586 -0.077
-2.1202 343.906 34.0647 0.721 0.1585 0.5405 0.352 -0.7641
-2.1202 343.906 34.0647 0.721 0.1585 0.5405 0.352 -0.7641
-2.1202 288.658 48.9635 0.721 0.3725 0.9347 -0.1431 -0.3252
-45.4765 290.124 74.5918 0.5514 0.3943 -0.9345 -0.1376 -0.3284
-35.1027 229.678 90.2455 0.5907 0.6536 -0.9329 -0.215 -0.2889
-45.4765 290.124 74.5918 0.5514 0.3943 -0.9345 -0.1376 -0.3284
-2.1202 288.658 48.9635 0.721 0.3725 0.9347 -0.1431 -0.3252
-2.1202 288.658 48.9635 0.721 0.3725 0.9347 -0.1431 -0.3252
-2.1202 223.429 71.5839 0.721 0.652 0.9329 -0.2152 -0.2888
-35.1027 229.678 90.2455 0.5907 0.6536 -0.9329 -0.215 -0.2889
-11.5022 173.847 97.5038 0.6814 0.8792 -0.7113 -0.6574 0.2487
-35.1027 229.678 90.2455 0.5907 0.6536 -0.9329 -0.215 -0.2889
-2.1202 223.429 71.5839 0.721 0.652 0.9329 -0.2152 -0.2888
-2.1202 223.429 71.5839 0.721 0.652 0.9329 -0.2152 -0.2888
-2.1202 175.168 90.0232 0.721 0.8641 0 -0.9028 -0.4301
-11.5022 173.847 97.5038 0.6814 0.8792 -0.7113 -0.6574 0.2487
-35.1027 229.678 90.2455 0.4376 0.6771 -0.9329 -0.215 -0.2889
-11.5022 173.847 97.5038 0.3038 0.9009 -0.7113 -0.6574 0.2487
-24.7226 235.633 112.936 0.3464 0.6425 -0.9292 0.0243 0.3688
-45.4765 290.124 74.5918 0.5056 0.3951 -0.9345 -0.1376 -0.3284
-35.1027 229.678 90.2455 0.4376 0.6771 -0.9329 -0.215 -0.2889
-24.7226 235.633 112.936 0.3464 0.6425 -0.9292 0.0243 0.3688
-24.7226 235.633 112.936 0.3464 0.6425 -0.9292 0.0243 0.3688
-33.4708 298.523 107.381 0.3677 0.3951 -0.9355 0.1371 0.3256
-45.4765 290.124 74.5918 0.5056 0.3951 -0.9345 -0.1376 -0.3284
-40.9041 331.625 62.1931 0.4627 0.1827 -0.9843 0.1586 -0.077
-45.4765 290.124 74.5918 0.5056 0.3951 -0.9345 -0.1376 -0.3284
-33.4708 298.523 107.381 0.3677 0.3951 -0.9355 0.1371 0.3256
-33.4708 298.523 107.381 0.3677 0.3951 -0.9355 0.1371 0.3256
-30.0238 339.571 89.9375 0.3581 0.226 -0.6963 0.4607 0.5504
-40.9041 331.625 62.1931 0.4627 0.1827 -0.9843 0.1586 -0.077
-2.1202 303.544 119.054 0.2645 0.3951 0.3541 0.371 0.8584
-2.1202 343.604 100.664 0.2645 0.2358 -0 0.59 0.8074
-30.0238 339.571 89.9375 0.3581 0.226 -0.6963 0.4607 0.5504
-30.0238 339.571 89.9375 0.3581 0.226 -0.6963 0.4607 0.5504
-33.4708 298.523 107.381 0.3677 0.3951 -0.9355 0.1371 0.3256
-2.1202 303.544 119.054 0.2645 0.3951 0.3541 0.371 0.8584
-2.1202 238.136 123.568 0.2645 0.6307 0.3492 0.2125 0.9126
-2.1202 303.544 119.054 0.2645 0.3951 0.3541 0.371 0.8584
-33.4708 298.523 107.381 0.3677 0.3951 -0.9355 0.1371 0.3256
-33.4708 298.523 107.381 0.3677 0.3951 -0.9355 0.1371 0.3256
-24.7226 235.633 112.936 0.3464 0.6425 -0.9292 0.0243 0.3688
-2.1202 238.136 123.568 0.2645 0.6307 0.3492 0.2125 0.9126
-2.1202 176.233 105.35 0.2648 0.8815 0.6043 -0.2736 0.7483
-2.1202 238.136 123.568 0.2645 0.6307 0.3492 0.2125 0.9126
-24.7226 235.633 112.936 0.3464 0.6425 -0.9292 0.0243 0.3688
45.6119 167.771 93.7083 0.6033 0.8285 -0.0242 0.1811 -0.9832
73.3579 148.238 89.4018 0.6636 0.8817 -0.0116 0.1811 -0.9834
75.659 126.661 85.4472 0.6686 0.9405 -0.0056 0.0985 -0.9951
75.659 126.661 85.4472 0.6686 0.9405 -0.0056 0.0985 -0.9951
61.2655 113.935 85.855 0.6373 0.9752 0.0055 0.0315 -0.9995
45.6119 167.771 93.7083 0.6033 0.8285 -0.0242 0.1811 -0.9832
45.6119 167.478 95.4634 0.5205 0.727 0.0756 -0.0421 0.9963
45.6119 167.771 93.7083 0.5314 0.7274 -0.0242 0.1811 -0.9832
-2.1202 185.995 97.7112 0.526 0.7724 -0 0.1537 -0.9881
73.3579 147.948 91.1574 0.5205 0.6954 0.1863 -0.0399 0.9817
73.3579 148.238 89.4018 0.5314 0.6956 -0.0116 0.1811 -0.9834
45.6119 167.771 93.7083 0.5314 0.7274 -0.0242 0.1811 -0.9832
45.6119 167.771 93.7083 0.5314 0.7274 -0.0242 0.1811 -0.9832
45.6119 167.478 95.4634 0.5205 0.727 0.0756 -0.0421 0.9963
73.3579 147.948 91.1574 0.5205 0.6954 0.1863 -0.0399 0.9817
17.6852 112.025 84.3157 0.5314 0.6061 0.0337 -0.0506 -0.9982
17.6852 111.018 90.8251 0.5205 0.6056 0.2073 -0.412 0.8873
-2.1202 107.458 92.6476 0.5205 0.5884 0 -0.4316 0.902
-2.1202 107.458 92.6476 0.5205 0.5884 0 -0.4316 0.902
-2.1202 108.463 86.1377 0.5314 0.5884 -0 -0.1304 -0.9915
17.6852 112.025 84.3157 0.5314 0.6061 0.0337 -0.0506 -0.9982
39.3378 113.697 90.2049 0.5205 0.6345 0.015 -0.1971 0.9803
29.4865 122.37 91.8357 0.5205 0.6216 0.0613 -0.1153 0.9914
29.4865 123.198 86.5147 0.5314 0.6217 -0.0214 0.122 -0.9923
29.4865 123.198 86.5147 0.5314 0.6217 -0.0214 0.122 -0.9923
39.3378 114.345 86.0724 0.5314 0.6343 -0.0133 0.0418 -0.999
39.3378 113.697 90.2049 0.5205 0.6345 0.015 -0.1971 0.9803
73.3579 147.948 91.1574 0.5205 0.6954 0.1863 -0.0399 0.9817
75.659 126.192 88.3913 0.5205 0.6717 0.1975 -0.1303 0.9716
75.659 126.661 85.4472 0.5314 0.6721 -0.0056 0.0985 -0.9951
75.659 126.661 85.4472 0.5314 0.6721 -0.0056 0.0985 -0.9951
73.3579 148.238 89.4018 0.5314 0.6956 -0.0116 0.1811 -0.9834
73.3579 147.948 91.1574 0.5205 0.6954 0.1863 -0.0399 0.9817
29.4865 123.198 86.5147 0.5682 0.95 -0.0214 0.122 -0.9923
17.6852 112.025 84.3157 0.5426 0.9804 0.0337 -0.0506 -0.9982
-2.1202 108.463 86.1377 0.4995 0.9901 -0 -0.1304 -0.9915
-2.1202 108.463 86.1377 0.4995 0.9901 -0 -0.1304 -0.9915
-2.1202 129.887 90.0576 0.4995 0.9317 -0 0.1615 -0.9869
29.4865 123.198 86.5147 0.5682 0.95 -0.0214 0.122 -0.9923
29.4865 122.37 91.8357 0.5205 0.6216 0.0613 -0.1153 0.9914
17.6852 111.018 90.8251 0.5205 0.6056 0.2073 -0.412 0.8873
17.6852 112.025 84.3157 0.5314 0.6061 0.0337 -0.0506 -0.9982
17.6852 112.025 84.3157 0.5314 0.6061 0.0337 -0.0506 -0.9982
29.4865 123.198 86.5147 0.5314 0.6217 -0.0214 0.122 -0.9923
29.4865 122.37 91.8357 0.5205 0.6216 0.0613 -0.1153 0.9914
17.6852 111.018 90.8251 0.5426 0.9804 0.2073 -0.412 0.8873
29.4865 122.37 91.8357 0.5682 0.95 0.0613 -0.1153 0.9914
-2.1202 129.06 95.3788 0.4995 0.9317 -0 -0.0772 0.997
-2.1202 129.06 95.3788 0.4995 0.9317 -0 -0.0772 0.997
-2.1202 107.458 92.6476 0.4995 0.9901 0 -0.4316 0.902
17.6852 111.018 90.8251 0.5426 0.9804 0.2073 -0.412 0.8873
29.4865 123.198 86.5147 0.5682 0.95 -0.0214 0.122 -0.9923
-2.1202 129.887 90.0576 0.4995 0.9317 -0 0.1615 -0.9869
-2.1202 185.995 97.7112 0.4995 0.7788 -0 0.1537 -0.9881
-2.1202 185.995 97.7112 0.4995 0.7788 -0 0.1537 -0.9881
45.6119 167.771 93.7083 0.6033 0.8285 -0.0242 0.1811 -0.9832
29.4865 123.198 86.5147 0.5682 0.95 -0.0214 0.122 -0.9923
75.659 126.192 88.3913 0.5205 0.6717 0.1975 -0.1303 0.9716
61.2655 113.375 89.3932 0.5205 0.6532 0.1024 -0.1965 0.9752
61.2655 113.935 85.855 0.5314 0.6534 0.0055 0.0315 -0.9995
61.2655 113.935 85.855 0.5314 0.6534 0.0055 0.0315 -0.9995
75.659 126.661 85.4472 0.5314 0.6721 -0.0056 0.0985 -0.9951
75.659 126.192 88.3913 0.5205 0.6717 0.1975 -0.1303 0.9716
45.6119 167.478 95.4634 0.6033 0.8285 0.0756 -0.0421 0.9963
-2.1202 185.995 97.7112 0.4995 0.7788 -0 -0.0664 0.9978
-2.1202 129.06 95.3788 0.4995 0.9317 -0 -0.0772 0.997
-2.1202 129.06 95.3788 0.4995 0.9317 -0 -0.0772 0.997
29.4865 122.37 91.8357 0.5682 0.95 0.0613 -0.1153 0.9914
45.6119 167.478 95.4634 0.6033 0.8285 0.0756 -0.0421 0.9963
39.3378 113.697 90.2049 0.5896 0.9741 0.015 -0.1971 0.9803
61.2655 113.375 89.3932 0.6373 0.9752 0.1024 -0.1965 0.9752
45.6119 167.478 95.4634 0.6033 0.8285 0.0756 -0.0421 0.9963
45.6119 167.478 95.4634 0.6033 0.8285 0.0756 -0.0421 0.9963
29.4865 122.37 91.8357 0.5682 0.95 0.0613 -0.1153 0.9914
39.3378 113.697 90.2049 0.5896 0.9741 0.015 -0.1971 0.9803
61.2655 113.375 89.3932 0.5205 0.6532 0.1024 -0.1965 0.9752
39.3378 113.697 90.2049 0.5205 0.6345 0.015 -0.1971 0.9803
39.3378 114.345 86.0724 0.5314 0.6343 -0.0133 0.0418 -0.999
39.3378 114.345 86.0724 0.5314 0.6343 -0.0133 0.0418 -0.999
61.2655 113.935 85.855 0.5314 0.6534 0.0055 0.0315 -0.9995
61.2655 113.375 89.3932 0.5205 0.6532 0.1024 -0.1965 0.9752
-43.5783 114.345 86.0724 0.4094 0.9741 0.0133 0.0418 -0.999
-65.506 113.935 85.855 0.3618 0.9752 -0.0055 0.0315 -0.9995
-49.8524 167.771 93.7083 0.3958 0.8285 0.0242 0.1811 -0.9832
-49.8524 167.771 93.7083 0.3958 0.8285 0.0242 0.1811 -0.9832
-33.7269 123.198 86.5147 0.4308 0.95 0.0214 0.122 -0.9923
-43.5783 114.345 86.0724 0.4094 0.9741 0.0133 0.0418 -0.999
-49.8524 167.771 93.7083 0.5314 0.4507 0.0242 0.1811 -0.9832
-49.8524 167.478 95.4634 0.5205 0.4509 -0.0756 -0.0421 0.9963
-2.1202 185.995 97.7112 0.526 0.4056 -0 0.1537 -0.9881
-77.5984 147.948 91.1574 0.5205 0.4827 -0.1863 -0.0399 0.9817
-49.8524 167.478 95.4634 0.5205 0.4509 -0.0756 -0.0421 0.9963
-49.8524 167.771 93.7083 0.5314 0.4507 0.0242 0.1811 -0.9832
-49.8524 167.771 93.7083 0.5314 0.4507 0.0242 0.1811 -0.9832
-77.5984 148.238 89.4018 0.5314 0.4824 0.0116 0.1811 -0.9834
-77.5984 147.948 91.1574 0.5205 0.4827 -0.1863 -0.0399 0.9817
-21.9257 112.025 84.3157 0.5314 0.5709 -0.0337 -0.0506 -0.9982
-2.1202 108.463 86.1377 0.5314 0.5884 -0 -0.1304 -0.9915
-2.1202 107.458 92.6476 0.5205 0.5884 0 -0.4316 0.902
-2.1202 107.458 92.6476 0.5205 0.5884 0 -0.4316 0.902
-21.9257 111.018 90.8251 0.5205 0.5714 -0.2073 -0.412 0.8873
-21.9257 112.025 84.3157 0.5314 0.5709 -0.0337 -0.0506 -0.9982
-43.5783 113.697 90.2049 0.5205 0.5426 -0.015 -0.1971 0.9803
-43.5783 114.345 86.0724 0.5314 0.5428 0.0133 0.0418 -0.999
-33.7269 123.198 86.5147 0.5314 0.5552 0.0214 0.122 -0.9923
-33.7269 123.198 86.5147 0.5314 0.5552 0.0214 0.122 -0.9923
-33.7269 122.37 91.8357 0.5205 0.5553 -0.0613 -0.1153 0.9914
-43.5783 113.697 90.2049 0.5205 0.5426 -0.015 -0.1971 0.9803
-77.5984 147.948 91.1574 0.5205 0.4827 -0.1863 -0.0399 0.9817
-77.5984 148.238 89.4018 0.5314 0.4824 0.0116 0.1811 -0.9834
-79.8995 126.661 85.4472 0.5314 0.5058 0.0056 0.0985 -0.9951
-79.8995 126.661 85.4472 0.5314 0.5058 0.0056 0.0985 -0.9951
-79.8995 126.192 88.3913 0.5205 0.5063 -0.1975 -0.1303 0.9716
-77.5984 147.948 91.1574 0.5205 0.4827 -0.1863 -0.0399 0.9817
-33.7269 123.198 86.5147 0.4308 0.95 0.0214 0.122 -0.9923
-2.1202 129.887 90.0576 0.4995 0.9317 -0 0.1615 -0.9869
-2.1202 108.463 86.1377 0.4995 0.9901 -0 -0.1304 -0.9915
-2.1202 108.463 86.1377 0.4995 0.9901 -0 -0.1304 -0.9915
-21.9257 112.025 84.3157 0.4565 0.9804 -0.0337 -0.0506 -0.9982
-33.7269 123.198 86.5147 0.4308 0.95 0.0214 0.122 -0.9923
-33.7269 122.37 91.8357 0.5205 0.5553 -0.0613 -0.1153 0.9914
-33.7269 123.198 86.5147 0.5314 0.5552 0.0214 0.122 -0.9923
-21.9257 112.025 84.3157 0.5314 0.5709 -0.0337 -0.0506 -0.9982
-21.9257 112.025 84.3157 0.5314 0.5709 -0.0337 -0.0506 -0.9982
-21.9257 111.018 90.8251 0.5205 0.5714 -0.2073 -0.412 0.8873
-33.7269 122.37 91.8357 0.5205 0.5553 -0.0613 -0.1153 0.9914
-21.9257 111.018 90.8251 0.4565 0.9804 -0.2073 -0.412 0.8873
-2.1202 107.458 92.6476 0.4995 0.9901 0 -0.4316 0.902
-2.1202 129.06 95.3788 0.4995 0.9317 -0 -0.0772 0.997
-2.1202 129.06 95.3788 0.4995 0.9317 -0 -0.0772 0.997
-33.7269 122.37 91.8357 0.4308 0.95 -0.0613 -0.1153 0.9914
-21.9257 111.018 90.8251 0.4565 0.9804 -0.2073 -0.412 0.8873
-33.7269 123.198 86.5147 0.4308 0.95 0.0214 0.122 -0.9923
-49.8524 167.771 93.7083 0.3958 0.8285 0.0242 0.1811 -0.9832
-2.1202 185.995 97.7112 0.4995 0.7788 -0 0.1537 -0.9881
-2.1202 185.995 97.7112 0.4995 0.7788 -0 0.1537 -0.9881
-2.1202 129.887 90.0576 0.4995 0.9317 -0 0.1615 -0.9869
-33.7269 123.198 86.5147 0.4308 0.95 0.0214 0.122 -0.9923
-79.8995 126.192 88.3913 0.5205 0.5063 -0.1975 -0.1303 0.9716
-79.8995 126.661 85.4472 0.5314 0.5058 0.0056 0.0985 -0.9951
-65.506 113.935 85.855 0.5314 0.5241 -0.0055 0.0315 -0.9995
-65.506 113.935 85.855 0.5314 0.5241 -0.0055 0.0315 -0.9995
-65.506 113.375 89.3932 0.5205 0.5244 -0.1024 -0.1965 0.9752
-79.8995 126.192 88.3913 0.5205 0.5063 -0.1975 -0.1303 0.9716
-49.8524 167.478 95.4634 0.3958 0.8285 -0.0756 -0.0421 0.9963
-33.7269 122.37 91.8357 0.4308 0.95 -0.0613 -0.1153 0.9914
-2.1202 129.06 95.3788 0.4995 0.9317 -0 -0.0772 0.997
-2.1202 129.06 95.3788 0.4995 0.9317 -0 -0.0772 0.997
-2.1202 185.995 97.7112 0.4995 0.7788 -0 -0.0664 0.9978
-49.8524 167.478 95.4634 0.3958 0.8285 -0.0756 -0.0421 0.9963
-49.8524 167.478 95.4634 0.3958 0.8285 -0.0756 -0.0421 0.9963
-77.5984 147.948 91.1574 0.3355 0.8817 -0.1863 -0.0399 0.9817
-79.8995 126.192 88.3913 0.3305 0.9405 -0.1975 -0.1303 0.9716
-79.8995 126.192 88.3913 0.3305 0.9405 -0.1975 -0.1303 0.9716
-65.506 113.375 89.3932 0.3618 0.9752 -0.1024 -0.1965 0.9752
-49.8524 167.478 95.4634 0.3958 0.8285 -0.0756 -0.0421 0.9963
-65.506 113.375 89.3932 0.5205 0.5244 -0.1024 -0.1965 0.9752
-65.506 113.935 85.855 0.5314 0.5241 -0.0055 0.0315 -0.9995
-43.5783 114.345 86.0724 0.5314 0.5428 0.0133 0.0418 -0.999
-43.5783 114.345 86.0724 0.5314 0.5428 0.0133 0.0418 -0.999
-43.5783 113.697 90.2049 0.5205 0.5426 -0.015 -0.1971 0.9803
-65.506 113.375 89.3932 0.5205 0.5244 -0.1024 -0.1965 0.9752
29.4865 123.198 86.5147 0.5682 0.95 -0.0214 0.122 -0.9923
45.6119 167.771 93.7083 0.6033 0.8285 -0.0242 0.1811 -0.9832
61.2655 113.935 85.855 0.6373 0.9752 0.0055 0.0315 -0.9995
61.2655 113.935 85.855 0.6373 0.9752 0.0055 0.0315 -0.9995
39.3378 114.345 86.0724 0.5896 0.9741 -0.0133 0.0418 -0.999
29.4865 123.198 86.5147 0.5682 0.95 -0.0214 0.122 -0.9923
45.6119 167.478 95.4634 0.6033 0.8285 0.0756 -0.0421 0.9963
61.2655 113.375 89.3932 0.6373 0.9752 0.1024 -0.1965 0.9752
75.659 126.192 88.3913 0.6686 0.9405 0.1975 -0.1303 0.9716
75.659 126.192 88.3913 0.6686 0.9405 0.1975 -0.1303 0.9716
73.3579 147.948 91.1574 0.6636 0.8817 0.1863 -0.0399 0.9817
45.6119 167.478 95.4634 0.6033 0.8285 0.0756 -0.0421 0.9963
-49.8524 167.771 93.7083 0.3958 0.8285 0.0242 0.1811 -0.9832
-65.506 113.935 85.855 0.3618 0.9752 -0.0055 0.0315 -0.9995
-79.8995 126.661 85.4472 0.3305 0.9405 0.0056 0.0985 -0.9951
-79.8995 126.661 85.4472 0.3305 0.9405 0.0056 0.0985 -0.9951
-77.5984 148.238 89.4018 0.3355 0.8817 0.0116 0.1811 -0.9834
-49.8524 167.771 93.7083 0.3958 0.8285 0.0242 0.1811 -0.9832
-33.7269 122.37 91.8357 0.4308 0.95 -0.0613 -0.1153 0.9914
-49.8524 167.478 95.4634 0.3958 0.8285 -0.0756 -0.0421 0.9963
-65.506 113.375 89.3932 0.3618 0.9752 -0.1024 -0.1965 0.9752
-65.506 113.375 89.3932 0.3618 0.9752 -0.1024 -0.1965 0.9752
-43.5783 113.697 90.2049 0.4094 0.9741 -0.015 -0.1971 0.9803
-33.7269 122.37 91.8357 0.4308 0.95 -0.0613 -0.1153 0.9914
-46.3111 397.923 187.706 0.9053 0.8208 0.6841 0.6109 0.3985
-57.3209 395.922 180.623 0.9281 0.8117 -0.8188 0.4172 -0.3943
-116.964 373.595 222.447 0.9417 0.9639 -0.7634 -0.3004 -0.5718
-46.3111 397.923 187.706 0.9759 0.8208 0.6841 0.6109 0.3985
-116.964 373.595 222.447 0.9417 0.9639 -0.7634 -0.3004 -0.5718
-50.8999 387.264 188.317 0.9533 0.7986 0.2774 -0.9406 0.1957
-57.3209 395.922 180.623 0.9281 0.8117 -0.8188 0.4172 -0.3943
-50.8999 387.264 188.317 0.9533 0.7986 0.2774 -0.9406 0.1957
-116.964 373.595 222.447 0.9417 0.9639 -0.7634 -0.3004 -0.5718
-17.837 355.211 64.4771 0.9491 0.5091 0.1066 -0.8964 0.4302
-29.1731 381.378 121.999 0.9531 0.6909 0.1118 -0.961 0.2528
-36.1973 391.18 117.006 0.926 0.7062 -0.7874 0.494 -0.3688
-36.1973 391.18 117.006 0.926 0.7062 -0.7874 0.494 -0.3688
-21.0887 359.975 62.4262 0.931 0.5268 -0.8157 0.3775 -0.4384
-17.837 355.211 64.4771 0.9491 0.5091 0.1066 -0.8964 0.4302
-21.0887 359.975 62.4262 0.931 0.5268 -0.8157 0.3775 -0.4384
-36.1973 391.18 117.006 0.926 0.7062 -0.7874 0.494 -0.3688
-23.2225 392.33 119.655 0.9028 0.7108 0.7499 0.6613 0.0184
-23.2225 392.33 119.655 0.9028 0.7108 0.7499 0.6613 0.0184
-14.5852 359.975 62.4262 0.9165 0.5268 0.8858 0.4473 -0.1234
-21.0887 359.975 62.4262 0.931 0.5268 -0.8157 0.3775 -0.4384
-23.2225 392.33 119.655 0.9797 0.7108 0.7499 0.6613 0.0184
-29.1731 381.378 121.999 0.9531 0.6909 0.1118 -0.961 0.2528
-17.837 355.211 64.4771 0.9491 0.5091 0.1066 -0.8964 0.4302
-17.837 355.211 64.4771 0.9491 0.5091 0.1066 -0.8964 0.4302
-14.5852 359.975 62.4262 0.967 0.5268 0.8858 0.4473 -0.1234
-23.2225 392.33 119.655 0.9797 0.7108 0.7499 0.6613 0.0184
-29.1731 381.378 121.999 0.9531 0.6909 0.1118 -0.961 0.2528
-50.8999 387.264 188.317 0.9533 0.7986 0.2774 -0.9406 0.1957
-57.3209 395.922 180.623 0.9281 0.8117 -0.8188 0.4172 -0.3943
-57.3209 395.922 180.623 0.9281 0.8117 -0.8188 0.4172 -0.3943
-36.1973 391.18 117.006 0.926 0.7062 -0.7874 0.494 -0.3688
-29.1731 381.378 121.999 0.9531 0.6909 0.1118 -0.961 0.2528
-50.8999 387.264 188.317 0.9533 0.7986 0.2774 -0.9406 0.1957
-29.1731 381.378 121.999 0.9531 0.6909 0.1118 -0.961 0.2528
-23.2225 392.33 119.655 0.9797 0.7108 0.7499 0.6613 0.0184
-23.2225 392.33 119.655 0.9797 0.7108 0.7499 0.6613 0.0184
-46.3111 397.923 187.706 0.9759 0.8208 0.6841 0.6109 0.3985
-50.8999 387.264 188.317 0.9533 0.7986 0.2774 -0.9406 0.1957
-36.1973 391.18 117.006 0.926 0.7062 -0.7874 0.494 -0.3688
-57.3209 395.922 180.623 0.9281 0.8117 -0.8188 0.4172 -0.3943
-46.3111 397.923 187.706 0.9053 0.8208 0.6841 0.6109 0.3985
-46.3111 397.923 187.706 0.9053 0.8208 0.6841 0.6109 0.3985
-23.2225 392.33 119.655 0.9028 0.7108 0.7499 0.6613 0.0184
-36.1973 391.18 117.006 0.926 0.7062 -0.7874 0.494 -0.3688
53.0804 395.922 180.623 0.9281 0.8117 0.8188 0.4172 -0.3943
42.0706 397.923 187.706 0.9053 0.8208 -0.6841 0.6109 0.3985
112.723 373.595 222.447 0.9417 0.9639 0.7634 -0.3004 -0.5718
112.723 373.595 222.447 0.9417 0.9639 0.7634 -0.3004 -0.5718
42.0706 397.923 187.706 0.9759 0.8208 -0.6841 0.6109 0.3985
46.6594 387.264 188.317 0.9533 0.7986 -0.2773 -0.9406 0.1957
46.6594 387.264 188.317 0.9533 0.7986 -0.2773 -0.9406 0.1957
53.0804 395.922 180.623 0.9281 0.8117 0.8188 0.4172 -0.3943
112.723 373.595 222.447 0.9417 0.9639 0.7634 -0.3004 -0.5718
13.5965 355.211 64.4771 0.9491 0.5091 -0.1066 -0.8964 0.4302
16.8482 359.975 62.4262 0.931 0.5268 0.8157 0.3775 -0.4384
31.9568 391.18 117.006 0.926 0.7062 0.7874 0.494 -0.3688
31.9568 391.18 117.006 0.926 0.7062 0.7874 0.494 -0.3688
24.9326 381.378 121.999 0.9531 0.6909 -0.1118 -0.961 0.2528
13.5965 355.211 64.4771 0.9491 0.5091 -0.1066 -0.8964 0.4302
16.8482 359.975 62.4262 0.931 0.5268 0.8157 0.3775 -0.4384
10.3447 359.975 62.4262 0.9165 0.5268 -0.8858 0.4473 -0.1234
18.982 392.33 119.655 0.9028 0.7108 -0.7499 0.6613 0.0184
18.982 392.33 119.655 0.9028 0.7108 -0.7499 0.6613 0.0184
31.9568 391.18 117.006 0.926 0.7062 0.7874 0.494 -0.3688
16.8482 359.975 62.4262 0.931 0.5268 0.8157 0.3775 -0.4384
18.982 392.33 119.655 0.9797 0.7108 -0.7499 0.6613 0.0184
10.3447 359.975 62.4262 0.967 0.5268 -0.8858 0.4473 -0.1234
13.5965 355.211 64.4771 0.9491 0.5091 -0.1066 -0.8964 0.4302
13.5965 355.211 64.4771 0.9491 0.5091 -0.1066 -0.8964 0.4302
24.9326 381.378 121.999 0.9531 0.6909 -0.1118 -0.961 0.2528
18.982 392.33 119.655 0.9797 0.7108 -0.7499 0.6613 0.0184
24.9326 381.378 121.999 0.9531 0.6909 -0.1118 -0.961 0.2528
31.9568 391.18 117.006 0.926 0.7062 0.7874 0.494 -0.3688
53.0804 395.922 180.623 0.9281 0.8117 0.8188 0.4172 -0.3943
53.0804 395.922 180.623 0.9281 0.8117 0.8188 0.4172 -0.3943
46.6594 387.264 188.317 0.9533 0.7986 -0.2773 -0.9406 0.1957
24.9326 381.378 121.999 0.9531 0.6909 -0.1118 -0.961 0.2528
46.6594 387.264 188.317 0.9533 0.7986 -0.2773 -0.9406 0.1957
42.0706 397.923 187.706 0.9759 0.8208 -0.6841 0.6109 0.3985
18.982 392.33 119.655 0.9797 0.7108 -0.7499 0.6613 0.0184
18.982 392.33 119.655 0.9797 0.7108 -0.7499 0.6613 0.0184
24.9326 381.378 121.999 0.9531 0.6909 -0.1118 -0.961 0.2528
46.6594 387.264 188.317 0.9533 0.7986 -0.2773 -0.9406 0.1957
31.9568 391.18 117.006 0.926 0.7062 0.7874 0.494 -0.3688
18.982 392.33 119.655 0.9028 0.7108 -0.7499 0.6613 0.0184
42.0706 397.923 187.706 0.9053 0.8208 -0.6841 0.6109 0.3985
42.0706 397.923 187.706 0.9053 0.8208 -0.6841 0.6109 0.3985
53.0804 395.922 180.623 0.9281 0.8117 0.8188 0.4172 -0.3943
31.9568 391.18 117.006 0.926 0.7062 0.7874 0.494 -0.3688
-24.7226 235.633 112.936 0.3464 0.6425 -0.9292 0.0243 0.3688
-11.5022 173.847 97.5038 0.3038 0.9009 -0.7113 -0.6574 0.2487
-2.1202 176.233 105.35 0.2648 0.8815 0.6043 -0.2736 0.7483
30.8622 229.678 90.2455 0.0913 0.6771 0.9329 -0.215 -0.2889
20.4821 235.633 112.936 0.1826 0.6425 0.9292 0.0243 0.3688
7.2617 173.847 97.5038 0.2248 0.901 0.7113 -0.6574 0.2487
