Vertex Count: 36

Data:

-0.5 -0.5 -0.5 0 1 0 0 -0.57735
-0.5 0.5 -0.5 0 0 0 0 -0.57735
0.5 0.5 -0.5 1 0 0 0 -0.57735
-0.5 -0.5 -0.5 0 1 0 0 -0.57735
0.5 0.5 -0.5 1 0 0 0 -0.57735
0.5 -0.5 -0.5 1 1 0 0 -0.57735
-0.5 0.5 -0.5 0 1 0 0.57735 -0
-0.5 0.5 0.5 0 0 0 0.57735 -0
0.5 0.5 0.5 1 0 0 0.57735 -0
-0.5 0.5 -0.5 0 1 0 0.57735 -0
0.5 0.5 0.5 1 0 0 0.57735 -0
0.5 0.5 -0.5 1 1 0 0.57735 -0
-0.5 0.5 0.5 0 1 0 0 0.57735
-0.5 -0.5 0.5 0 0 0 0 0.57735
0.5 -0.5 0.5 1 0 0 0 0.57735
-0.5 0.5 0.5 0 1 0 0 0.57735
0.5 -0.5 0.5 1 0 0 0 0.57735
0.5 0.5 0.5 1 1 0 0 0.57735
-0.5 -0.5 0.5 0 1 0 -0.57735 -0
-0.5 -0.5 -0.5 0 0 0 -0.57735 -0
0.5 -0.5 -0.5 1 0 0 -0.57735 -0
-0.5 -0.5 0.5 0 1 0 -0.57735 -0
0.5 -0.5 -0.5 1 0 0 -0.57735 -0
0.5 -0.5 0.5 1 1 0 -0.57735 -0
0.5 -0.5 -0.5 0 1 0.57735 0 -0
0.5 0.5 -0.5 0 0 0.57735 0 -0
0.5 0.5 0.5 1 0 0.57735 0 -0
0.5 -0.5 -0.5 0 1 0.57735 0 -0
0.5 0.5 0.5 1 0 0.57735 0 -0
0.5 -0.5 0.5 1 1 0.57735 0 -0
-0.5 -0.5 0.5 0 1 -0.57735 0 -0
-0.5 0.5 0.5 0 0 -0.57735 0 -0
-0.5 0.5 -0.5 1 0 -0.57735 0 -0
-0.5 -0.5 0.5 0 1 -0.57735 0 -0
-0.5 0.5 -0.5 1 0 -0.57735 0 -0
-0.5 -0.5 -0.5 1 1 -0.57735 0 -0
